日期,股票代码,名称,收盘价,最高价,最低价,开盘价,前收盘,涨跌额,涨跌幅,换手率,成交量,成交金额,总市值,流通市值
2021-06-21,'002242,九阳股份,33.98,34.55,33.23,33.64,33.81,0.17,0.5028,0.291,2226853,75638823.7,26068402620.0,26007238620.0
2021-06-18,'002242,九阳股份,33.81,34.2,33.2,33.98,33.98,-0.17,-0.5003,0.3012,2305460,77764383.25,25937983890.0,25877125890.0
2021-06-17,'002242,九阳股份,33.98,34.66,33.5,34.3,34.2,-0.22,-0.6433,0.2863,2191447,74572916.71,26068402620.0,26007238620.0
2021-06-16,'002242,九阳股份,34.2,34.97,33.74,34.69,34.67,-0.47,-1.3556,0.4514,3455000,117739177.78,26237179800.0,26175619800.0
2021-06-15,'002242,九阳股份,34.67,35.0,34.1,34.72,35.06,-0.39,-1.1124,0.3705,2835842,97859763.74,26597749230.0,26535343230.0
2021-06-11,'002242,九阳股份,35.06,36.3,34.29,36.02,36.59,-1.53,-4.1815,1.065,8151366,286724920.67,26896945140.0,26833837140.0
2021-06-10,'002242,九阳股份,36.59,36.98,35.14,35.14,35.13,1.46,4.156,0.8186,6264941,226374056.31,28070713710.0,28004851710.0
2021-06-09,'002242,九阳股份,35.13,35.44,33.84,34.8,34.83,0.3,0.8613,0.9911,7585920,264247432.32,26950646970.0,26887412970.0
2021-06-08,'002242,九阳股份,34.83,34.98,33.51,34.18,33.86,0.97,2.8647,0.9315,7129561,244573687.47,26720496270.0,26657802270.0
2021-06-07,'002242,九阳股份,33.86,34.16,32.79,33.09,33.2,0.66,1.988,0.7472,5718801,192667823.77,25976342340.0,25915394340.0
2021-06-04,'002242,九阳股份,33.2,33.28,32.75,33.02,32.97,0.23,0.6976,0.6117,4681584,154826149.61,25470010800.0,25410250800.0
2021-06-03,'002242,九阳股份,32.97,33.44,32.45,33.15,32.87,0.1,0.3042,1.0149,7767608,256737542.37,25293561930.0,25234215930.0
2021-06-02,'002242,九阳股份,32.87,33.15,32.34,32.99,32.75,0.12,0.3664,0.7644,5850716,191172533.8,25216845030.0,25157679030.0
2021-06-01,'002242,九阳股份,32.75,33.34,32.21,32.24,32.15,0.6,1.8663,1.0566,8087084,264878703.56,25124784750.0,25065834750.0
2021-05-31,'002242,九阳股份,32.15,32.16,30.66,31.08,31.0,1.15,3.7097,0.956,7316582,231067955.31,24664483350.0,24606613350.0
2021-05-28,'002242,九阳股份,31.0,31.39,30.7,31.38,31.47,-0.47,-1.4935,0.5756,4404694,136483260.09,23782239000.0,23723959620.0
2021-05-27,'002242,九阳股份,31.47,31.57,30.9,31.05,31.04,0.43,1.3853,0.6044,4625508,144466776.86,24142808430.0,24083645459.4
2021-05-26,'002242,九阳股份,31.04,31.07,30.64,31.05,31.02,0.02,0.0645,0.4935,3776827,116620263.32,23812925760.0,23754571180.8
2021-05-25,'002242,九阳股份,31.02,31.15,30.4,30.55,30.54,0.48,1.5717,0.6964,5329670,164470864.29,23797582380.0,23739265400.4
2021-05-24,'002242,九阳股份,30.54,31.15,30.35,30.7,30.88,-0.34,-1.101,0.6437,4926456,151075753.09,23429341260.0,23371926670.8
2021-05-21,'002242,九阳股份,30.88,31.9,30.75,31.44,31.41,-0.53,-1.6874,0.67,5127148,159875914.47,23690178720.0,23632124937.6
2021-05-20,'002242,九阳股份,31.41,31.43,30.8,31.14,31.3,0.11,0.3514,0.6582,5036855,156555525.22,24096778290.0,24037728118.2
2021-05-19,'002242,九阳股份,31.3,31.6,31.14,31.6,31.78,-0.48,-1.5104,0.6064,4640664,145309452.3,24012389700.0,23953546326.0
2021-05-18,'002242,九阳股份,31.78,32.05,31.0,31.68,31.6,0.18,0.5696,0.7752,5932335,186849217.24,24380630820.0,24320885055.6
2021-05-17,'002242,九阳股份,31.6,32.42,30.8,31.43,31.92,-0.32,-1.0025,1.0502,8036744,255038528.03,24242540400.0,24183133032.0
2021-05-14,'002242,九阳股份,31.92,34.0,31.53,33.81,34.67,-2.75,-7.9319,2.0115,15393464,496405147.34,24488034480.0,24428025518.4
2021-05-13,'002242,九阳股份,34.67,38.47,34.16,35.5,34.97,-0.3,-0.8579,2.2293,17060225,621452903.01,26597749230.0,26532570323.4
2021-05-12,'002242,九阳股份,34.97,34.97,31.81,31.91,31.79,3.18,10.0031,1.1316,8659925,299805945.11,26827899930.0,26762157029.4
2021-05-11,'002242,九阳股份,31.79,31.87,29.6,30.48,30.52,1.27,4.1612,0.6013,4601505,141357614.74,24388302510.0,24328537945.8
2021-05-10,'002242,九阳股份,30.52,31.2,30.43,30.85,30.91,-0.39,-1.2617,0.3172,2427338,74757496.38,23413997880.0,23356620890.4
2021-05-07,'002242,九阳股份,30.91,32.1,30.76,31.4,31.4,-0.49,-1.5605,0.4941,3781621,118464226.43,23713193790.0,23655083608.2
2021-05-06,'002242,九阳股份,31.4,31.98,30.61,31.81,31.8,-0.4,-1.2579,0.7347,5622606,175484926.01,24089106600.0,24030075228.0
2021-04-30,'002242,九阳股份,31.8,34.15,31.61,34.0,33.45,-1.65,-4.9327,0.7691,5886048,189835190.41,24395974200.0,24336190836.0
2021-04-29,'002242,九阳股份,33.45,34.17,33.32,33.98,33.88,-0.43,-1.2692,0.3388,2592969,87187134.67,25661803050.0,25598917719.0
2021-04-28,'002242,九阳股份,33.88,33.92,32.55,33.3,33.19,0.69,2.0789,0.3784,2895917,96953168.15,25991685720.0,25927991997.6
2021-04-27,'002242,九阳股份,33.19,33.28,32.05,32.13,32.2,0.99,3.0745,0.4143,3170643,104308251.66,25462339110.0,25399942573.8
2021-04-26,'002242,九阳股份,32.2,33.6,32.13,33.28,33.27,-1.07,-3.2161,0.4817,3686272,121051594.22,24702841800.0,24642306444.0
2021-04-23,'002242,九阳股份,33.27,33.47,32.2,32.41,32.36,0.91,2.8121,0.47,3596509,118606586.55,25523712630.0,25461165695.4
2021-04-22,'002242,九阳股份,32.36,32.87,32.11,32.57,32.56,-0.2,-0.6143,0.2788,2133540,69100076.86,24825588840.0,24764752687.2
2021-04-21,'002242,九阳股份,32.56,33.1,31.88,32.28,32.27,0.29,0.8987,0.422,3229450,105249272.55,24979022640.0,24917810491.2
2021-04-20,'002242,九阳股份,32.27,32.85,32.22,32.48,32.44,-0.17,-0.524,0.2563,1961793,63719774.25,24756543630.0,24695876675.4
2021-04-19,'002242,九阳股份,32.44,32.8,32.06,32.3,32.49,-0.05,-0.1539,0.3563,2726580,88611233.68,24886962360.0,24825975808.8
2021-04-16,'002242,九阳股份,32.49,32.78,31.75,32.07,31.99,0.5,1.563,0.4374,3347227,108363587.33,24925320810.0,24864240259.8
2021-04-15,'002242,九阳股份,31.99,32.42,31.75,32.06,32.02,-0.03,-0.0937,0.3895,2980731,95441415.54,24541736310.0,24481595749.8
2021-04-14,'002242,九阳股份,32.02,32.69,31.63,31.8,31.7,0.32,1.0095,0.4786,3662354,118053765.48,24564751380.0,24504554420.4
2021-04-13,'002242,九阳股份,31.7,33.21,31.6,33.2,32.9,-1.2,-3.6474,0.5249,4017050,129014674.77,24319257300.0,24259661934.0
2021-04-12,'002242,九阳股份,32.9,33.69,32.7,33.48,33.4,-0.5,-1.497,0.4461,3413628,112843737.03,25239860100.0,25178008758.0
2021-04-09,'002242,九阳股份,33.4,34.02,33.1,33.99,33.96,-0.56,-1.649,0.5087,3892899,130344582.33,25623444600.0,25560653268.0
2021-04-08,'002242,九阳股份,33.96,34.3,32.68,33.03,33.52,0.44,1.3126,0.5846,4474075,151666261.33,26053059240.0,25989215119.2
2021-04-07,'002242,九阳股份,33.52,33.8,32.04,33.33,33.23,0.29,0.8727,0.9054,6929258,229289027.13,25715504880.0,25652487950.4
2021-04-06,'002242,九阳股份,33.23,33.98,33.23,33.71,33.7,-0.47,-1.3947,0.6659,5096279,171152316.49,25493025870.0,25430554134.6
2021-04-02,'002242,九阳股份,33.7,34.01,33.11,33.7,33.51,0.19,0.567,0.8271,6329948,212905462.12,25853595300.0,25790239974.0
2021-04-01,'002242,九阳股份,33.51,33.78,30.62,30.66,30.79,2.72,8.834,1.2449,9527003,310335199.26,25707833190.0,25644835060.2
2021-03-31,'002242,九阳股份,30.79,30.87,30.0,30.17,30.0,0.79,2.6333,0.4104,3140938,95959120.11,23621133510.0,23563248925.8
2021-03-30,'002242,九阳股份,30.0,30.14,29.75,30.11,30.13,-0.13,-0.4315,0.2875,2199963,65895084.71,23015070000.0,22958670600.0
2021-03-29,'002242,九阳股份,30.13,30.93,29.89,30.7,30.6,-0.47,-1.5359,0.3353,2566345,77632584.12,23114801970.0,23058158172.6
2021-03-26,'002242,九阳股份,30.6,30.64,29.8,29.84,29.95,0.65,2.1703,0.3865,2958012,89863557.83,23475371400.0,23417844012.0
2021-03-25,'002242,九阳股份,29.95,30.06,29.05,29.25,29.4,0.55,1.8707,0.314,2402970,71443421.61,22976711550.0,22920406149.0
2021-03-24,'002242,九阳股份,29.4,30.29,29.32,29.86,30.1,-0.7,-2.3256,0.3984,3049189,91051717.9,22554768600.0,22499497188.0
2021-03-23,'002242,九阳股份,30.1,30.25,29.5,29.88,29.85,0.25,0.8375,0.3855,2949974,88300907.69,23091786900.0,23035199502.0
2021-03-22,'002242,九阳股份,29.85,30.08,29.63,29.96,29.6,0.25,0.8446,0.3443,2634536,78792400.74,22899994650.0,22843877247.0
2021-03-19,'002242,九阳股份,29.6,29.88,29.19,29.3,29.63,-0.03,-0.1012,0.6463,4945853,146587664.3,22708202400.0,22652554992.0
2021-03-18,'002242,九阳股份,29.63,30.39,29.43,30.38,30.51,-0.88,-2.8843,0.766,5862036,174423887.91,22731217470.0,22675513662.6
2021-03-17,'002242,九阳股份,30.51,30.57,28.88,29.4,29.59,0.92,3.1092,1.1526,8820838,264714330.92,23406326190.0,23348968000.2
2021-03-16,'002242,九阳股份,29.59,30.75,29.37,30.66,30.8,-1.21,-3.9286,0.8737,6686533,200230791.24,22700530710.0,22644902101.8
2021-03-15,'002242,九阳股份,30.8,31.91,30.6,31.8,32.23,-1.43,-4.4369,0.4911,3758465,116495498.28,23628805200.0,23570901816.0
2021-03-12,'002242,九阳股份,32.23,33.19,32.0,32.62,32.91,-0.68,-2.0662,0.6396,4895060,158609968.54,24725856870.0,24665265114.6
2021-03-11,'002242,九阳股份,32.91,33.71,32.15,33.5,34.09,-1.18,-3.4614,1.0815,8276392,271251877.08,25247531790.0,25185661648.2
2021-03-10,'002242,九阳股份,34.09,35.06,33.58,33.87,34.55,-0.46,-1.3314,0.5913,4525036,154652258.48,26152791210.0,26088702691.8
2021-03-09,'002242,九阳股份,34.55,34.55,32.6,33.3,33.5,1.05,3.1343,1.127,8625025,294070471.71,26505688950.0,26440735641.0
2021-03-08,'002242,九阳股份,33.5,34.32,32.51,33.32,32.89,0.61,1.8547,0.9141,6995283,235301239.91,25700161500.0,25637182170.0
2021-03-05,'002242,九阳股份,32.89,33.07,30.95,31.27,31.55,1.34,4.2472,1.0556,8078205,260679646.92,25232188410.0,25170355867.8
2021-03-04,'002242,九阳股份,31.55,31.64,30.36,30.51,30.95,0.6,1.9386,1.0294,7878150,243841913.85,24204181950.0,24144868581.0
2021-03-03,'002242,九阳股份,30.95,31.55,30.15,31.3,31.38,-0.43,-1.3703,0.7838,5998265,184675302.12,23743880550.0,23685695169.0
2021-03-02,'002242,九阳股份,31.38,33.0,31.0,33.0,30.35,1.03,3.3937,1.2757,9762787,312830465.13,24073763220.0,24014769447.6
2021-03-01,'002242,九阳股份,30.35,30.5,29.8,29.96,29.93,0.42,1.4033,0.2909,2226145,67188982.18,23283579150.0,23226521757.0
2021-02-26,'002242,九阳股份,29.93,30.78,29.88,30.63,30.78,-0.85,-2.7615,0.2826,2163076,65371905.3,22961368170.0,22905100368.6
2021-02-25,'002242,九阳股份,30.78,31.69,30.39,30.39,30.62,0.16,0.5225,0.5453,4173198,128582939.94,23613461820.0,23555596035.6
2021-02-24,'002242,九阳股份,30.62,31.23,30.32,30.78,30.73,-0.11,-0.358,0.3873,2963668,90748376.59,23490714780.0,23433149792.4
2021-02-23,'002242,九阳股份,30.73,31.36,28.59,30.16,30.57,0.16,0.5234,0.5801,4439749,136477402.95,23575103370.0,23517331584.6
2021-02-22,'002242,九阳股份,30.57,32.59,30.54,32.43,32.27,-1.7,-5.2681,0.7365,5636265,175039993.2,23452356330.0,23394885341.4
2021-02-19,'002242,九阳股份,32.27,32.5,31.73,32.33,32.66,-0.39,-1.1941,0.4284,3278372,105160803.6,24756543630.0,24695876675.4
2021-02-18,'002242,九阳股份,32.66,33.29,31.76,32.65,32.49,0.17,0.5232,0.605,4629903,150392303.45,25055739540.0,24994339393.2
2021-02-10,'002242,九阳股份,32.49,33.48,32.37,32.74,32.7,-0.21,-0.6422,0.6148,4705047,154355178.73,24925320810.0,24864240259.8
2021-02-09,'002242,九阳股份,32.7,33.49,32.04,32.28,32.25,0.45,1.3953,0.857,6558715,213920041.37,25086426300.0,25024950954.0
2021-02-08,'002242,九阳股份,32.25,32.9,31.49,32.78,32.78,-0.53,-1.6168,1.2654,9684249,310354772.71,24741200250.0,24680570895.0
2021-02-05,'002242,九阳股份,32.78,32.78,30.16,30.18,29.8,2.98,10.0,1.1121,8510540,274168838.36,25147799820.0,25086174075.6
2021-02-04,'002242,九阳股份,29.8,30.4,29.5,30.15,30.21,-0.41,-1.3572,0.4507,3449491,102903338.15,22861636200.0,22805612796.0
2021-02-03,'002242,九阳股份,30.21,31.16,30.03,30.78,30.62,-0.41,-1.339,0.7246,5545240,169117618.54,23176175490.0,23119381294.2
2021-02-02,'002242,九阳股份,30.62,30.78,28.81,29.0,28.81,1.81,6.2825,0.7306,5591527,168871867.96,23490714780.0,23433149792.4
2021-02-01,'002242,九阳股份,28.81,29.1,27.98,27.98,28.19,0.62,2.1994,0.6168,4719977,135650766.57,22102138890.0,22047976666.2
2021-01-29,'002242,九阳股份,28.19,29.14,27.46,28.89,29.18,-0.99,-3.3927,1.0975,8399050,235596779.79,21626494110.0,21573497473.8
2021-01-28,'002242,九阳股份,29.18,31.1,28.3,30.99,31.19,-2.01,-6.4444,1.3705,10488478,309162360.6,22385991420.0,22331133603.6
2021-01-27,'002242,九阳股份,31.19,31.99,30.99,31.39,31.4,-0.21,-0.6688,0.7352,5626475,176557548.62,23928001110.0,23869364533.8
2021-01-26,'002242,九阳股份,31.4,32.2,31.2,32.06,32.05,-0.65,-2.0281,0.5572,4264051,134295920.3,24089106600.0,24030075228.0
2021-01-25,'002242,九阳股份,32.05,33.12,31.8,32.41,32.68,-0.63,-1.9278,0.5678,4345025,141017636.3,24587766450.0,24527513091.0
2021-01-22,'002242,九阳股份,32.68,33.19,32.1,32.89,32.7,-0.02,-0.0612,0.4522,3460390,112651293.09,25071082920.0,25009645173.6
2021-01-21,'002242,九阳股份,32.7,32.79,31.9,32.45,32.4,0.3,0.9259,0.4923,3767496,121943139.08,25086426300.0,25024950954.0
2021-01-20,'002242,九阳股份,32.4,32.94,32.0,32.23,32.25,0.15,0.4651,0.4516,3455780,112267403.49,24856275600.0,24795364248.0
2021-01-19,'002242,九阳股份,32.25,33.5,32.11,32.86,32.74,-0.49,-1.4966,0.4927,3770663,122697374.68,24741200250.0,24680570895.0
2021-01-18,'002242,九阳股份,32.74,32.96,31.78,31.95,32.0,0.74,2.3125,0.672,5142704,167568219.36,25117113060.0,25055562514.8
2021-01-15,'002242,九阳股份,32.0,32.44,31.42,32.44,32.58,-0.58,-1.7802,0.7463,5710983,181566033.71,24549408000.0,24489248640.0
2021-01-14,'002242,九阳股份,32.58,33.68,32.35,33.6,33.47,-0.89,-2.6591,0.8241,6306828,206508044.62,24994366020.0,24933116271.6
2021-01-13,'002242,九阳股份,33.47,34.46,32.85,33.0,32.84,0.63,1.9184,1.1999,9182580,309771070.09,25677146430.0,25614223499.4
2021-01-12,'002242,九阳股份,32.84,33.15,31.55,31.6,31.67,1.17,3.6943,0.9096,6960862,227618551.5,25193829960.0,25132091416.8
2021-01-11,'002242,九阳股份,31.67,32.8,31.21,32.7,32.95,-1.28,-3.8847,1.0835,8292282,263798767.29,24296242230.0,24236703263.4
2021-01-08,'002242,九阳股份,32.95,33.86,32.6,33.35,33.18,-0.23,-0.6932,0.8104,6201541,204809093.58,25278218550.0,25216273209.0
2021-01-07,'002242,九阳股份,33.18,33.49,31.75,32.0,32.49,0.69,2.1237,1.1547,8837049,289193848.88,25454667420.0,25392289683.6
2021-01-06,'002242,九阳股份,32.49,33.38,31.35,33.0,32.85,-0.36,-1.0959,1.1311,8656306,277746910.89,24925320810.0,24864240259.8
2021-01-05,'002242,九阳股份,32.85,33.5,31.02,31.25,31.4,1.45,4.6178,1.3024,9967023,320573360.68,25201501650.0,25139744307.0
2021-01-04,'002242,九阳股份,31.4,32.18,31.07,31.74,32.04,-0.64,-1.9975,1.1218,8584633,270451960.35,24089106600.0,24030075228.0
2020-12-31,'002242,九阳股份,32.04,32.1,31.45,31.78,31.48,0.56,1.7789,0.743,5685992,180793634.41,24580094760.0,24519860200.8
2020-12-30,'002242,九阳股份,31.48,32.5,31.2,32.3,32.5,-1.02,-3.1385,0.9722,7439890,234494347.26,24150480120.0,24091298349.6
2020-12-29,'002242,九阳股份,32.5,32.98,32.31,32.69,32.68,-0.18,-0.5508,0.5571,4263584,138950674.25,24932992500.0,24871893150.0
2020-12-28,'002242,九阳股份,32.68,33.33,32.2,33.24,33.24,-0.56,-1.6847,0.7936,6073088,198744977.98,25071082920.0,25009645173.6
2020-12-25,'002242,九阳股份,33.24,34.25,32.71,34.1,34.04,-0.8,-2.3502,0.6052,4631886,153889891.83,25500697560.0,25438207024.8
2020-12-24,'002242,九阳股份,34.04,35.55,33.98,35.55,35.55,-1.51,-4.2475,0.6061,4638783,159885096.42,26114432760.0,26050438240.8
2020-12-23,'002242,九阳股份,35.55,35.8,34.8,35.4,35.92,-0.37,-1.0301,0.6528,4996065,176100638.39,27272857950.0,27206024661.0
2020-12-22,'002242,九阳股份,35.92,36.89,35.56,36.51,37.07,-1.15,-3.1022,0.826,6321024,227776325.03,27556710480.0,27489181598.4
2020-12-21,'002242,九阳股份,37.07,37.07,35.13,35.61,36.14,0.93,2.5733,1.8697,14308267,520849414.06,28438954830.0,28369263971.4
2020-12-18,'002242,九阳股份,36.14,36.48,34.88,36.0,35.45,0.69,1.9464,1.7881,13684400,491850071.64,27725487660.0,27657545182.8
2020-12-17,'002242,九阳股份,35.45,35.45,32.38,32.58,32.23,3.22,9.9907,1.3856,10603477,364011452.3,27196141050.0,27129495759.0
2020-12-16,'002242,九阳股份,32.23,32.55,31.91,32.08,32.08,0.15,0.4676,0.3489,2670316,85916684.51,24725856870.0,24665265114.6
2020-12-15,'002242,九阳股份,32.08,32.14,31.1,31.21,31.2,0.88,2.8205,0.6034,4617450,146183293.63,24610781520.0,24550471761.6
2020-12-14,'002242,九阳股份,31.2,31.99,30.92,31.99,32.02,-0.82,-2.5609,0.8361,6398798,199577133.54,23935672800.0,23877017424.0
2020-12-11,'002242,九阳股份,32.02,32.64,31.42,32.54,32.45,-0.43,-1.3251,0.5866,4489217,143147998.07,24564751380.0,24504554420.4
2020-12-10,'002242,九阳股份,32.45,32.75,32.12,32.29,32.46,-0.01,-0.0308,0.3156,2415478,78288916.33,24894634050.0,24833628699.0
2020-12-09,'002242,九阳股份,32.46,33.35,32.43,33.12,33.12,-0.66,-1.9928,0.4139,3167494,103927769.52,24902305740.0,24841281589.2
2020-12-08,'002242,九阳股份,33.12,34.18,32.98,34.02,34.09,-0.97,-2.8454,0.6812,5213171,174024226.67,25408637280.0,25346372342.4
2020-12-07,'002242,九阳股份,34.09,34.4,33.44,33.81,33.8,0.29,0.858,0.6225,4764245,162224584.36,26152791210.0,26088702691.8
2020-12-04,'002242,九阳股份,33.8,33.92,33.37,33.77,33.7,0.1,0.2967,0.2936,2247019,75733213.15,25930312200.0,25866768876.0
2020-12-03,'002242,九阳股份,33.7,33.88,33.05,33.45,33.57,0.13,0.3873,0.3933,3009757,100912811.17,25853595300.0,25790239974.0
2020-12-02,'002242,九阳股份,33.57,34.24,33.3,33.99,33.99,-0.42,-1.2357,0.5825,4458170,149882854.91,25753863330.0,25690752401.4
2020-12-01,'002242,九阳股份,33.99,34.1,32.56,32.6,32.66,1.33,4.0723,0.7827,5989577,201454611.98,26076074310.0,26012173789.8
2020-11-30,'002242,九阳股份,32.66,33.2,32.32,33.0,32.98,-0.32,-0.9703,0.568,4347112,142792965.53,25055739540.0,24994339393.2
2020-11-27,'002242,九阳股份,32.98,33.19,31.95,32.93,32.38,0.6,1.853,0.5606,4290168,140715427.64,25301233620.0,25239231879.6
2020-11-26,'002242,九阳股份,32.38,32.99,31.94,32.8,32.95,-0.57,-1.7299,0.6649,5088639,164814971.85,24840932220.0,24780058467.6
2020-11-25,'002242,九阳股份,32.95,33.86,32.63,33.86,33.7,-0.75,-2.2255,0.897,6865010,226440263.09,25278218550.0,25216273209.0
2020-11-24,'002242,九阳股份,33.7,35.14,33.39,35.14,35.15,-1.45,-4.1252,1.162,8892732,302020811.97,25853595300.0,25790239974.0
2020-11-23,'002242,九阳股份,35.15,35.78,35.0,35.59,35.87,-0.72,-2.0072,0.6153,4709001,166015620.81,26965990350.0,26899909053.0
2020-11-20,'002242,九阳股份,35.87,36.35,35.44,35.7,35.84,0.03,0.0837,0.5102,3904533,140326622.08,27518352030.0,27450917147.4
2020-11-19,'002242,九阳股份,35.84,35.98,35.1,35.44,35.5,0.34,0.9577,0.4851,3712513,132075491.54,27495336960.0,27427958476.8
2020-11-18,'002242,九阳股份,35.5,35.97,35.14,35.5,35.98,-0.48,-1.3341,0.5638,4314333,152834053.02,27234499500.0,27167760210.0
2020-11-17,'002242,九阳股份,35.98,36.28,35.35,35.79,35.89,0.09,0.2508,0.4421,3383445,121017142.64,27602740620.0,27535098939.6
2020-11-16,'002242,九阳股份,35.89,36.94,35.54,36.8,36.69,-0.8,-2.1804,0.472,3612211,129736278.24,27533695410.0,27466222927.8
2020-11-13,'002242,九阳股份,36.69,37.55,36.32,37.01,37.01,-0.32,-0.8646,0.4716,3608751,132880878.72,28147430610.0,28078454143.8
2020-11-12,'002242,九阳股份,37.01,37.2,35.38,35.49,35.36,1.65,4.6663,0.9096,6961100,255106720.91,28392924690.0,28323346630.2
2020-11-11,'002242,九阳股份,35.36,36.93,35.1,36.01,36.49,-1.13,-3.0967,0.9281,7102678,254345557.89,27127095840.0,27060619747.2
2020-11-10,'002242,九阳股份,36.49,37.7,36.0,37.5,38.06,-1.57,-4.1251,0.9913,7586528,278312047.44,27993996810.0,27925396339.8
2020-11-09,'002242,九阳股份,38.06,38.61,37.63,38.09,38.2,-0.14,-0.3665,0.6996,5353969,203571741.46,29198452140.0,29126900101.2
2020-11-06,'002242,九阳股份,38.2,38.5,36.6,37.02,37.0,1.2,3.2432,0.723,5532803,208963349.96,29305855800.0,29234040564.0
2020-11-05,'002242,九阳股份,37.0,37.7,36.55,37.03,36.82,0.18,0.4889,0.6672,5105784,189177305.37,28385253000.0,28315693740.0
2020-11-04,'002242,九阳股份,36.82,36.94,36.0,36.18,36.32,0.5,1.3767,0.7461,5709465,208352560.82,28247162580.0,28177941716.4
2020-11-03,'002242,九阳股份,36.32,36.74,35.19,35.83,35.83,0.49,1.3676,0.8831,6758565,243814624.97,27863578080.0,27795297206.4
2020-11-02,'002242,九阳股份,35.83,36.29,35.1,35.1,35.36,0.47,1.3292,0.7629,5838107,208967887.59,27487665270.0,27420305586.6
2020-10-30,'002242,九阳股份,35.36,36.7,34.81,36.65,36.75,-1.39,-3.7823,1.0626,8131837,290368548.81,27127095840.0,27060619747.2
2020-10-29,'002242,九阳股份,36.75,37.24,35.61,36.17,37.22,-0.47,-1.2628,1.3925,10656519,386881759.81,28193460750.0,28124371485.0
2020-10-28,'002242,九阳股份,37.22,38.99,36.25,38.6,40.28,-3.06,-7.5968,2.8536,21838282,806438761.65,28554030180.0,28484057324.4
2020-10-27,'002242,九阳股份,40.28,43.5,40.28,43.48,44.75,-4.47,-9.9888,0.8415,6440160,261058187.39,30901567320.0,30825841725.6
2020-10-26,'002242,九阳股份,44.75,44.75,42.57,43.41,43.7,1.05,2.4027,0.2596,1986683,87508997.03,34330812750.0,34246683645.0
2020-10-23,'002242,九阳股份,43.7,45.59,43.47,44.56,44.48,-0.78,-1.7536,0.2694,2061397,91322654.38,33525285300.0,33443130174.0
2020-10-22,'002242,九阳股份,44.48,45.2,44.0,45.09,45.16,-0.68,-1.5058,0.2111,1615378,71975634.83,34123677120.0,34040055609.6
2020-10-21,'002242,九阳股份,45.16,45.45,44.6,44.8,44.85,0.31,0.6912,0.2258,1727834,77862571.58,34645352040.0,34560452143.2
2020-10-20,'002242,九阳股份,44.85,45.38,44.4,44.83,44.84,0.01,0.0223,0.2944,2252910,100939779.12,34407529650.0,34323212547.0
2020-10-19,'002242,九阳股份,44.84,45.68,44.4,45.5,45.35,-0.51,-1.1246,0.4471,3421225,154179694.27,34399857960.0,34315559656.8
2020-10-16,'002242,九阳股份,45.35,45.68,44.65,45.25,45.22,0.13,0.2875,0.3023,2313152,104893135.77,34791114150.0,34705857057.0
2020-10-15,'002242,九阳股份,45.22,45.67,44.8,45.09,45.5,-0.28,-0.6154,0.2682,2052240,92779064.43,34691382180.0,34606369484.4
2020-10-14,'002242,九阳股份,45.5,45.75,44.59,44.88,45.06,0.44,0.9765,0.3791,2901036,131419161.64,34906189500.0,34820650410.0
2020-10-13,'002242,九阳股份,45.06,45.18,43.41,43.83,43.9,1.16,2.6424,0.4705,3600973,160876172.92,34568635140.0,34483923241.2
2020-10-12,'002242,九阳股份,43.9,44.03,42.1,42.54,42.54,1.36,3.197,0.6894,5275551,229041263.14,33678719100.0,33596187978.0
2020-10-09,'002242,九阳股份,42.54,42.69,41.1,41.71,40.53,2.01,4.9593,0.5801,4439733,186947486.39,32635369260.0,32555394910.8
2020-09-30,'002242,九阳股份,40.53,41.1,40.1,40.35,40.35,0.18,0.4461,0.2831,2166603,87964345.84,31093359570.0,31017163980.6
2020-09-29,'002242,九阳股份,40.35,41.54,40.13,40.46,40.28,0.07,0.1738,0.2812,2152256,87642849.51,30955269150.0,30879411957.0
2020-09-28,'002242,九阳股份,40.28,40.9,39.83,40.41,40.4,-0.12,-0.297,0.2531,1937104,78031989.8,30901567320.0,30825841725.6
2020-09-25,'002242,九阳股份,40.4,41.36,40.2,40.93,40.94,-0.54,-1.319,0.1928,1475462,59952447.49,30993627600.0,30917676408.0
2020-09-24,'002242,九阳股份,40.94,42.0,40.6,41.72,41.77,-0.83,-1.9871,0.3491,2671926,109934201.71,31407898860.0,31330932478.8
2020-09-23,'002242,九阳股份,41.77,42.29,41.16,41.16,41.22,0.55,1.3343,0.3501,2679238,112241737.8,32044649130.0,31966122365.4
2020-09-22,'002242,九阳股份,41.22,41.99,40.81,40.81,41.32,-0.1,-0.242,0.3159,2417700,99901578.93,31622706180.0,31545213404.4
2020-09-21,'002242,九阳股份,41.32,42.85,41.02,42.7,42.5,-1.18,-2.7765,0.5238,4008580,166137143.46,31699423080.0,31621742306.4
2020-09-18,'002242,九阳股份,42.5,42.83,41.91,42.7,42.16,0.34,0.8065,0.3273,2504742,106150310.68,32604682500.0,32524783350.0
2020-09-17,'002242,九阳股份,42.16,42.65,41.0,42.06,42.28,-0.12,-0.2838,0.3764,2880539,120899389.16,32343845040.0,32264585083.2
2020-09-16,'002242,九阳股份,42.28,43.45,41.85,42.81,43.27,-0.99,-2.288,0.3229,2470947,104821051.87,32435905320.0,32356419765.6
2020-09-15,'002242,九阳股份,43.27,43.35,41.44,41.92,41.82,1.45,3.4672,0.7739,5922486,252496499.79,33195402630.0,33114055895.4
2020-09-14,'002242,九阳股份,41.82,41.87,40.15,41.0,40.54,1.28,3.1574,0.759,5808639,239940006.12,32083007580.0,32004386816.4
2020-09-11,'002242,九阳股份,40.54,40.8,39.41,39.41,40.08,0.46,1.1477,0.5463,4180557,168391410.33,31101031260.0,31024816870.8
2020-09-10,'002242,九阳股份,40.08,41.41,39.9,40.78,40.57,-0.49,-1.2078,0.5603,4287828,174348176.73,30748133520.0,30672783921.6
2020-09-09,'002242,九阳股份,40.57,42.73,39.95,42.35,42.77,-2.2,-5.1438,0.8238,6304326,257683351.96,31124046330.0,31047775541.4
2020-09-08,'002242,九阳股份,42.77,43.57,41.88,43.17,43.74,-0.97,-2.2176,0.5135,3929657,167562390.47,32811818130.0,32731411385.4
2020-09-07,'002242,九阳股份,43.74,45.54,43.2,45.1,45.8,-2.06,-4.4978,0.7481,5725105,252216111.59,33555972060.0,33473741734.8
2020-09-04,'002242,九阳股份,45.8,45.98,44.2,44.31,45.1,0.7,1.5521,0.7436,5690643,256173048.36,35136340200.0,35050237116.0
2020-09-03,'002242,九阳股份,45.1,45.59,44.2,44.5,44.52,0.58,1.3028,0.8727,6678451,301444833.69,34599321900.0,34514534802.0
2020-09-02,'002242,九阳股份,44.52,45.63,43.23,45.63,45.09,-0.57,-1.2641,0.8899,6809985,301076996.35,34154363880.0,34070667170.4
2020-09-01,'002242,九阳股份,45.09,45.18,44.0,44.43,44.1,0.99,2.2449,0.4518,3457708,154849675.27,34591650210.0,34506881911.8
2020-08-31,'002242,九阳股份,44.1,45.82,43.95,45.0,44.98,-0.88,-1.9564,0.5722,4379342,195215952.97,33832152900.0,33749245782.0
2020-08-28,'002242,九阳股份,44.98,45.5,42.59,43.41,42.9,2.08,4.8485,0.8433,6454012,286381210.65,34507261620.0,34422700119.6
2020-08-27,'002242,九阳股份,42.9,43.02,40.92,41.21,40.66,2.24,5.5091,0.7855,6011279,254066553.77,32911550100.0,32830898958.0
2020-08-26,'002242,九阳股份,40.66,42.68,40.5,42.5,43.66,-3.0,-6.8713,1.3274,10158579,419754713.13,31193091540.0,31116651553.2
2020-08-25,'002242,九阳股份,43.66,43.69,42.1,43.0,42.65,1.01,2.3681,0.6989,5348918,230810199.21,33494598540.0,33412518613.2
2020-08-24,'002242,九阳股份,42.65,43.1,41.0,41.56,41.25,1.4,3.3939,0.9763,7471853,316789113.86,32719757850.0,32639576703.0
2020-08-21,'002242,九阳股份,41.25,41.28,39.76,39.98,39.7,1.55,3.9043,0.7161,5479946,222639479.67,31645721250.0,31568172075.0
2020-08-20,'002242,九阳股份,39.7,40.68,38.92,40.4,39.92,-0.22,-0.5511,0.4616,3532659,140075288.31,30456609300.0,30381974094.0
2020-08-19,'002242,九阳股份,39.92,41.08,39.8,40.49,40.16,-0.24,-0.5976,0.4262,3261670,131575682.68,30625386480.0,30550337678.4
2020-08-18,'002242,九阳股份,40.16,40.65,39.32,39.52,39.52,0.64,1.6194,0.531,4063603,162316422.12,30809507040.0,30734007043.2
2020-08-17,'002242,九阳股份,39.52,39.74,38.07,39.74,39.45,0.07,0.1774,0.7695,5889222,229515930.39,30318518880.0,30244222070.4
2020-08-14,'002242,九阳股份,39.45,39.58,37.7,38.24,38.11,1.34,3.5161,0.5543,4241850,166021618.36,30264817050.0,30190651839.0
2020-08-13,'002242,九阳股份,38.11,38.55,37.63,38.07,37.68,0.43,1.1412,0.4756,3639984,138824006.22,29236810590.0,29165164552.2
2020-08-12,'002242,九阳股份,37.68,38.82,36.97,38.58,38.72,-1.04,-2.686,0.6546,5009206,188484730.24,28906927920.0,28836090273.6
2020-08-11,'002242,九阳股份,38.72,40.29,38.61,40.1,39.47,-0.75,-1.9002,0.5786,4427831,174858387.42,29704783680.0,29631990854.4
2020-08-10,'002242,九阳股份,39.47,40.2,38.5,40.11,39.43,0.04,0.1014,0.7349,5623891,221225954.44,30280160430.0,30205957619.4
2020-08-07,'002242,九阳股份,39.43,40.39,38.7,39.6,39.98,-0.55,-1.3757,0.467,3573956,141649146.05,30249473670.0,30175346058.6
2020-08-06,'002242,九阳股份,39.98,41.07,39.51,40.3,40.29,-0.31,-0.7694,0.5511,4217416,168841102.7,30671416620.0,30596255019.6
2020-08-05,'002242,九阳股份,40.29,40.5,39.27,39.27,39.67,0.62,1.5629,0.6905,5284053,211566112.29,30909239010.0,30833494615.8
2020-08-04,'002242,九阳股份,39.67,39.81,38.41,38.8,38.52,1.15,2.9855,0.903,6910492,270567134.72,30433594230.0,30359015423.4
2020-08-03,'002242,九阳股份,38.52,39.65,38.0,39.46,39.08,-0.56,-1.433,0.7486,5728967,220384576.87,29551349880.0,29478933050.4
2020-07-31,'002242,九阳股份,39.08,39.28,37.73,38.62,38.85,0.23,0.592,0.806,6168314,238524001.21,29980964520.0,29907494901.6
2020-07-30,'002242,九阳股份,38.85,39.44,38.35,39.22,39.23,-0.38,-0.9686,0.831,6359816,246749672.25,29804515650.0,29731478427.0
2020-07-29,'002242,九阳股份,39.23,39.5,36.87,36.97,36.99,2.24,6.0557,1.4645,11207866,433665975.94,30096039870.0,30022288254.6
2020-07-28,'002242,九阳股份,36.99,37.1,34.9,34.91,34.9,2.09,5.9885,0.8752,6697705,244369650.51,28377581310.0,28308040849.8
2020-07-27,'002242,九阳股份,34.9,36.0,34.5,35.28,35.22,-0.32,-0.9086,0.6582,5037170,176939935.88,26774198100.0,26708586798.0
2020-07-24,'002242,九阳股份,35.22,37.33,34.88,37.31,37.02,-1.8,-4.8622,0.7936,6073051,218602553.04,27019692180.0,26953479284.4
2020-07-23,'002242,九阳股份,37.02,38.31,36.32,36.53,36.88,0.14,0.3796,0.9972,7631577,283930374.74,28400596380.0,28330999520.4
2020-07-22,'002242,九阳股份,36.88,37.8,36.5,36.6,37.05,-0.17,-0.4588,1.0453,7999725,296453601.5,28293192720.0,28223859057.6
2020-07-21,'002242,九阳股份,37.05,37.16,34.61,35.0,35.6,1.45,4.073,1.2482,9552533,344113810.08,28423611450.0,28353958191.0
2020-07-20,'002242,九阳股份,35.6,35.8,32.18,35.61,35.75,-0.15,-0.4196,1.1726,8973462,312891812.82,27311216400.0,27244289112.0
2020-07-17,'002242,九阳股份,35.75,36.07,33.35,33.35,33.97,1.78,5.2399,1.562,11953756,419309973.83,27426291750.0,27359082465.0
2020-07-16,'002242,九阳股份,33.97,36.15,33.66,36.05,36.38,-2.41,-6.6245,1.7516,13404819,461627425.41,26060730930.0,25996868009.4
2020-07-15,'002242,九阳股份,36.38,37.62,36.0,36.98,36.65,-0.27,-0.7367,1.4115,10802212,398509468.52,27909608220.0,27841214547.6
2020-07-14,'002242,九阳股份,36.65,37.35,35.83,36.69,36.49,0.16,0.4385,1.306,9994587,364819995.6,28116743850.0,28047842583.0
2020-07-13,'002242,九阳股份,36.49,36.77,35.5,35.5,35.3,1.19,3.3711,1.4037,10742416,389402272.61,27993996810.0,27925396339.8
2020-07-10,'002242,九阳股份,35.3,36.29,35.01,35.96,36.12,-0.82,-2.2702,1.4185,10855579,385660737.59,27081065700.0,27014702406.0
2020-07-09,'002242,九阳股份,36.12,36.24,35.31,35.61,35.63,0.49,1.3752,1.4177,10849136,389163017.21,27710144280.0,27642239402.4
2020-07-08,'002242,九阳股份,35.63,36.06,35.5,35.6,35.62,0.01,0.0281,0.8668,6633630,236698318.28,27334231470.0,27267247782.6
2020-07-07,'002242,九阳股份,35.62,36.59,35.5,36.3,36.29,-0.67,-1.8462,1.6252,12437507,444884120.72,27326559780.0,27259594892.4
2020-07-06,'002242,九阳股份,36.29,37.45,35.26,36.8,36.8,-0.51,-1.3859,1.3737,10512803,378444968.82,27840563010.0,27772338535.8
2020-07-03,'002242,九阳股份,36.8,37.39,36.3,36.9,37.11,-0.31,-0.8354,0.7928,6066956,223462251.87,28231819200.0,28162635936.0
2020-07-02,'002242,九阳股份,37.11,38.18,36.83,37.4,37.28,-0.17,-0.456,0.6765,5168435,193622818.2,28469641590.0,28352003632.2
2020-07-01,'002242,九阳股份,37.28,37.62,36.82,37.56,37.27,0.01,0.0268,0.5682,4340939,161565058.98,28600060320.0,28481883465.6
2020-06-30,'002242,九阳股份,37.27,37.69,36.0,37.2,37.2,0.07,0.1882,0.4697,3588214,133544114.37,28592388630.0,28474243475.4
2020-06-29,'002242,九阳股份,37.2,37.38,36.5,37.04,37.04,0.16,0.432,0.4319,3299343,121843342.65,28538686800.0,28420763544.0
2020-06-24,'002242,九阳股份,37.04,37.48,36.41,36.65,36.7,0.34,0.9264,0.5507,4207071,155032098.59,28415939760.0,28298523700.8
2020-06-23,'002242,九阳股份,36.7,37.33,35.06,35.45,35.45,1.25,3.5261,0.8409,6424641,234010668.93,28155102300.0,28038764034.0
2020-06-22,'002242,九阳股份,35.45,35.88,34.79,35.25,35.39,0.06,0.1695,0.7176,5482211,194285656.69,27196141050.0,27083765259.0
2020-06-19,'002242,九阳股份,35.39,35.6,33.31,33.78,33.3,2.09,6.2763,0.9151,6991175,243448378.94,27150110910.0,27037925317.8
2020-06-18,'002242,九阳股份,33.3,33.98,33.1,33.48,33.65,-0.35,-1.0401,0.6152,4700048,157280733.59,25546727700.0,25441167366.0
2020-06-17,'002242,九阳股份,33.65,33.68,32.7,33.3,33.13,0.52,1.5696,0.5847,4466784,148867239.59,25815236850.0,25708567023.0
2020-06-16,'002242,九阳股份,33.13,33.3,31.0,31.0,30.9,2.23,7.2168,0.956,7303699,237856759.17,25416308970.0,25311287532.6
2020-06-15,'002242,九阳股份,30.9,31.76,30.83,31.45,31.64,-0.74,-2.3388,0.6407,4895075,153005683.05,23705522100.0,23607569718.0
2020-06-12,'002242,九阳股份,31.64,32.2,31.2,31.84,32.19,-0.55,-1.7086,0.6046,4619255,146575423.62,24273227160.0,24172928992.8
2020-06-11,'002242,九阳股份,32.19,33.27,32.13,33.1,32.92,-0.73,-2.2175,0.4147,3168267,103149721.28,24695170110.0,24593128453.8
2020-06-10,'002242,九阳股份,32.92,33.2,32.47,32.74,32.74,0.18,0.5498,0.4047,3092075,101410115.93,25255203480.0,25150847738.4
2020-06-09,'002242,九阳股份,32.74,33.44,32.04,32.42,32.41,0.33,1.0182,0.5738,4383450,143921331.96,25117113060.0,25013327914.8
2020-06-08,'002242,九阳股份,32.41,34.19,32.23,34.02,33.94,-1.53,-4.508,0.7632,5830471,191489690.02,24863947290.0,24761208238.2
2020-06-05,'002242,九阳股份,33.94,33.99,32.81,33.12,33.28,0.66,1.9832,0.6764,5167732,172857280.85,26037715860.0,25930126738.8
2020-06-04,'002242,九阳股份,33.28,33.28,31.64,31.88,31.69,1.59,5.0174,0.7715,5894536,192741055.1,25531384320.0,25425887385.6
2020-06-03,'002242,九阳股份,31.69,32.8,31.42,32.8,31.9,-0.21,-0.6583,0.5738,4383770,140346120.93,24311585610.0,24211128943.8
2020-06-02,'002242,九阳股份,31.9,32.77,31.55,32.7,32.7,-0.8,-2.4465,0.8225,6283615,200239467.46,24472691100.0,24371568738.0
2020-06-01,'002242,九阳股份,32.7,33.2,32.2,32.54,32.39,0.31,0.9571,0.8071,6166236,201568808.48,25086426300.0,24982767954.0
2020-05-29,'002242,九阳股份,32.39,32.48,31.32,32.05,31.73,0.66,2.0801,1.2064,9217142,295520268.36,24848603910.0,24745928257.8
2020-05-28,'002242,九阳股份,32.31,32.92,31.64,32.38,32.33,-0.02,-0.0619,0.6282,4799182,154721373.5,24787230390.0,24684808336.2
2020-05-27,'002242,九阳股份,32.33,33.45,31.76,33.45,33.35,-1.02,-3.0585,0.8331,6364829,206355025.25,24802573770.0,24700088316.6
2020-05-26,'002242,九阳股份,33.35,33.49,32.38,32.67,32.55,0.8,2.4578,0.5486,4191128,138867934.35,25585086150.0,25479367317.0
2020-05-25,'002242,九阳股份,32.55,33.2,31.59,31.6,31.72,0.83,2.6166,0.7189,5492056,179388022.05,24971350950.0,24868168101.0
2020-05-22,'002242,九阳股份,31.72,32.59,31.4,32.59,32.0,-0.28,-0.875,0.5813,4440796,141599190.06,24334600680.0,24234048914.4
2020-05-21,'002242,九阳股份,32.0,33.06,31.85,32.57,32.47,-0.47,-1.4475,0.821,6272242,202975677.25,24549408000.0,24447968640.0
2020-05-20,'002242,九阳股份,32.47,33.78,32.43,33.2,33.17,-0.7,-2.1103,0.4569,3491079,114949639.39,24909977430.0,24807048179.4
2020-05-19,'002242,九阳股份,33.17,33.5,32.78,33.11,33.12,0.05,0.151,0.4215,3220074,106587522.13,25446995730.0,25341847493.4
2020-05-18,'002242,九阳股份,33.12,33.38,32.53,33.24,32.9,0.22,0.6687,0.5903,4510035,148469815.66,25408637280.0,25303647542.4
2020-05-15,'002242,九阳股份,32.9,33.3,32.39,32.91,32.74,0.16,0.4887,0.5123,3914209,128703407.12,25239860100.0,25135567758.0
2020-05-14,'002242,九阳股份,32.74,33.29,32.59,33.0,33.18,-0.44,-1.3261,0.4146,3167437,104158424.56,25117113060.0,25013327914.8
2020-05-13,'002242,九阳股份,33.18,33.63,32.12,33.61,33.0,0.18,0.5455,0.6885,5260235,172399816.97,25459412160.0,25349487483.6
2020-05-12,'002242,九阳股份,33.0,33.5,32.57,32.81,32.53,0.47,1.4448,0.6278,4796550,158666325.77,25321296000.0,25211967660.0
2020-05-11,'002242,九阳股份,32.53,33.5,32.2,32.63,32.54,-0.01,-0.0307,0.693,5294733,172953738.9,24960659360.0,24852888120.6
2020-05-08,'002242,九阳股份,32.54,32.82,30.89,31.03,30.86,1.68,5.4439,1.0009,7647130,245937078.21,24968332480.0,24860528110.8
2020-05-07,'002242,九阳股份,30.86,31.18,30.1,30.5,30.88,-0.02,-0.0648,0.6504,4968112,152255493.51,23679248320.0,23574232974.4
2020-05-06,'002242,九阳股份,30.88,31.34,29.73,31.33,31.4,-0.52,-1.6561,1.171,8945728,271815055.1,23694594560.0,23589511155.2
2020-04-30,'002242,九阳股份,31.4,32.22,30.33,31.9,33.16,-1.76,-5.3076,1.3513,10322400,323055748.55,24093596800.0,23986743856.0
2020-04-29,'002242,九阳股份,33.16,33.3,32.3,32.59,32.8,0.36,1.0976,0.4006,3060263,100671493.28,25444065920.0,25331223766.4
2020-04-28,'002242,九阳股份,32.8,33.1,31.21,31.33,31.43,1.37,4.3589,0.7754,5923050,191008283.83,25167833600.0,25056216512.0
2020-04-27,'002242,九阳股份,31.43,32.18,30.9,30.97,30.98,0.45,1.4526,0.5833,4455891,140543790.17,24116616160.0,24009661127.2
2020-04-24,'002242,九阳股份,30.98,31.28,30.7,31.05,31.15,-0.17,-0.5457,0.2636,2013739,62315856.7,23771325760.0,23665902059.2
2020-04-23,'002242,九阳股份,31.15,31.48,30.56,30.57,30.56,0.59,1.9306,0.5108,3902411,121351643.59,23901768800.0,23795766596.0
2020-04-22,'002242,九阳股份,30.56,30.74,29.88,30.06,30.14,0.42,1.3935,0.402,3070908,93620185.56,23449054720.0,23345060262.4
2020-04-21,'002242,九阳股份,30.14,30.65,30.0,30.31,30.55,-0.41,-1.3421,0.3231,2468199,74582995.58,23126783680.0,23024218465.6
2020-04-20,'002242,九阳股份,30.55,30.84,29.84,29.84,29.89,0.66,2.2081,0.4939,3773160,114704395.8,23441381600.0,23337421172.0
2020-04-17,'002242,九阳股份,29.89,30.7,29.8,30.25,30.25,-0.36,-1.1901,0.4767,3641613,109751374.06,22934955680.0,22833241205.6
2020-04-16,'002242,九阳股份,30.25,30.55,29.98,30.0,30.35,-0.1,-0.3295,0.3315,2532431,76557966.14,23211188000.0,23108248460.0
2020-04-15,'002242,九阳股份,30.35,31.2,30.28,30.63,30.9,-0.55,-1.7799,0.5036,3846777,117755594.49,23287919200.0,23184639364.0
2020-04-14,'002242,九阳股份,30.9,31.23,30.2,30.2,29.89,1.01,3.3791,0.9069,6927998,213374371.58,23709940800.0,23604789336.0
2020-04-13,'002242,九阳股份,29.89,30.56,29.1,29.98,29.82,0.07,0.2347,0.5468,4177020,125322236.0,22934955680.0,22833241205.6
2020-04-10,'002242,九阳股份,29.82,30.75,29.2,29.92,30.0,-0.18,-0.6,0.6062,4630916,138508001.42,22881243840.0,22779767572.8
2020-04-09,'002242,九阳股份,30.0,30.29,28.81,29.28,29.28,0.72,2.459,0.6112,4669270,138279539.01,23019360000.0,22917271200.0
2020-04-08,'002242,九阳股份,29.28,29.61,28.48,28.8,29.08,0.2,0.6878,0.6472,4944380,143146807.19,22466895360.0,22367256691.2
2020-04-07,'002242,九阳股份,29.08,30.0,28.88,29.37,29.06,0.02,0.0688,0.7968,6086529,178494030.6,22313432960.0,22214474883.2
2020-04-03,'002242,九阳股份,29.06,30.35,28.89,29.0,29.18,-0.12,-0.4112,0.9761,7456257,220788247.93,22298086720.0,22199196702.4
2020-04-02,'002242,九阳股份,29.18,29.25,28.3,28.68,28.44,0.74,2.602,0.7928,6056599,175160670.3,22390164160.0,22290865787.2
2020-04-01,'002242,九阳股份,28.44,28.95,27.65,28.15,28.15,0.29,1.0302,0.939,7172899,203489769.89,21822353280.0,21725573097.6
2020-03-31,'002242,九阳股份,28.15,28.63,27.68,27.68,27.4,0.75,2.7372,0.5302,4050301,114123777.44,21599832800.0,21504039476.0
2020-03-30,'002242,九阳股份,27.4,27.78,26.69,27.64,28.0,-0.6,-2.1429,0.5624,4296041,116937808.45,21024348800.0,20931107696.0
2020-03-27,'002242,九阳股份,28.0,28.54,27.5,28.16,27.73,0.27,0.9737,0.5951,4545739,127011015.19,21484736000.0,21389453120.0
2020-03-26,'002242,九阳股份,27.73,28.12,27.38,27.72,27.91,-0.18,-0.6449,0.6984,5334991,147437353.64,21277561760.0,21183197679.2
2020-03-25,'002242,九阳股份,27.91,28.14,27.32,27.9,27.2,0.71,2.6103,0.5765,4403755,122035341.32,21415677920.0,21320701306.4
2020-03-24,'002242,九阳股份,27.2,27.73,26.5,27.29,26.87,0.33,1.2281,0.7791,5951294,161069115.86,20870886400.0,20778325888.0
2020-03-23,'002242,九阳股份,26.87,27.43,26.36,27.02,27.61,-0.74,-2.6802,0.6661,5088273,136590733.26,20617673440.0,20526235904.8
2020-03-20,'002242,九阳股份,27.61,27.61,26.21,26.21,26.05,1.56,5.9885,0.7803,5960805,161798064.85,21185484320.0,21091528594.4
2020-03-19,'002242,九阳股份,26.05,26.35,25.03,25.65,25.61,0.44,1.7181,0.7256,5543202,142466409.78,19988477600.0,19899830492.0
2020-03-18,'002242,九阳股份,25.61,26.86,25.6,26.09,25.93,-0.32,-1.2341,0.5002,3820695,100368143.42,19650860320.0,19563710514.4
2020-03-17,'002242,九阳股份,25.93,26.8,25.58,26.23,26.22,-0.29,-1.106,0.6018,4597569,120307912.42,19896400160.0,19808161407.2
2020-03-16,'002242,九阳股份,26.22,28.09,26.02,28.01,27.65,-1.43,-5.1718,0.6951,5309902,142175902.65,20118920640.0,20029695028.8
2020-03-13,'002242,九阳股份,27.65,27.99,25.91,26.0,27.81,-0.16,-0.5753,0.8834,6748213,182499329.27,21216176800.0,21122084956.0
2020-03-12,'002242,九阳股份,27.81,29.08,27.65,28.3,29.08,-1.27,-4.3673,0.6836,5222103,146035133.14,21338946720.0,21244310402.4
2020-03-11,'002242,九阳股份,29.08,30.1,28.99,29.56,29.56,-0.48,-1.6238,0.701,5355291,157776652.23,22313432960.0,22214474883.2
2020-03-10,'002242,九阳股份,29.56,29.8,28.15,28.16,28.42,1.14,4.0113,1.0642,8129304,237478617.46,22681742720.0,22581151222.4
2020-03-09,'002242,九阳股份,28.42,29.53,28.38,29.52,29.76,-1.34,-4.5027,0.7617,5818666,167856805.59,21807007040.0,21710294916.8
2020-03-06,'002242,九阳股份,29.76,30.14,29.45,29.8,30.21,-0.45,-1.4896,0.6872,5249352,156393414.2,22835205120.0,22733933030.4
2020-03-05,'002242,九阳股份,30.21,30.42,27.91,28.17,27.84,2.37,8.5129,1.6312,12461185,366126799.32,23180495520.0,23077692098.4
2020-03-04,'002242,九阳股份,27.84,28.38,27.42,28.05,28.25,-0.41,-1.4513,0.5489,4193072,116471417.16,21361966080.0,21267227673.6
2020-03-03,'002242,九阳股份,28.25,28.8,27.99,28.37,28.06,0.19,0.6771,0.6345,4846858,137706803.32,21676564000.0,21580430380.0
2020-03-02,'002242,九阳股份,28.06,28.5,27.27,27.56,26.99,1.07,3.9644,0.8894,6793885,190774547.29,21530774720.0,21435287662.4
2020-02-28,'002242,九阳股份,26.99,28.2,26.92,27.73,28.39,-1.4,-4.9313,0.7566,5779775,158153242.25,20709750880.0,20617904989.6
2020-02-27,'002242,九阳股份,28.39,28.83,27.82,27.91,27.77,0.62,2.2326,1.0136,7743231,220435943.38,21783987680.0,21687377645.6
2020-02-26,'002242,九阳股份,27.77,28.29,27.48,27.86,28.26,-0.49,-1.7339,0.8429,6438966,179456165.71,21308254240.0,21213754040.8
2020-02-25,'002242,九阳股份,28.26,29.0,27.35,28.5,28.84,-0.58,-2.0111,1.3298,10158839,285977460.14,21684237120.0,21588069470.4
2020-02-24,'002242,九阳股份,28.84,30.1,28.64,29.99,30.0,-1.16,-3.8667,1.4639,11182945,324305464.14,22129278080.0,22031136713.6
2020-02-21,'002242,九阳股份,30.0,30.87,29.82,30.87,30.82,-0.82,-2.6606,0.8456,6459960,194521860.67,23019360000.0,22917271200.0
2020-02-20,'002242,九阳股份,30.82,31.1,30.05,30.34,30.3,0.52,1.7162,0.5802,4432434,136364295.89,23648555840.0,23543676612.8
2020-02-19,'002242,九阳股份,30.3,31.32,30.18,31.28,31.46,-1.16,-3.6872,0.6299,4811565,147394928.38,23249553600.0,23146443912.0
2020-02-18,'002242,九阳股份,31.46,31.5,29.88,30.22,29.88,1.58,5.2878,0.8549,6530494,202077617.27,24139635520.0,24032578398.4
2020-02-17,'002242,九阳股份,29.88,29.99,29.11,29.18,29.12,0.76,2.6099,0.6648,5078333,150685018.23,22927282560.0,22825602115.2
2020-02-14,'002242,九阳股份,29.12,29.74,28.77,29.29,29.29,-0.17,-0.5804,0.5345,4083092,119047179.82,22344125440.0,22245031244.8
2020-02-13,'002242,九阳股份,29.29,30.15,29.22,30.13,29.88,-0.59,-1.9746,0.4201,3209191,95077316.69,22474568480.0,22374895781.6
2020-02-12,'002242,九阳股份,29.88,30.06,28.86,29.08,29.2,0.68,2.3288,0.5471,4179489,123987675.06,22927282560.0,22825602115.2
2020-02-11,'002242,九阳股份,29.2,29.84,29.0,29.25,29.29,-0.09,-0.3073,0.4261,3254723,95286397.96,22405510400.0,22306143968.0
2020-02-10,'002242,九阳股份,29.29,30.2,28.9,29.95,30.28,-0.99,-3.2695,0.9128,6973044,204740180.03,22474568480.0,22374895781.6
2020-02-07,'002242,九阳股份,30.28,30.5,28.7,29.5,29.5,0.78,2.6441,0.8436,6444174,192408536.91,23234207360.0,23131165731.2
2020-02-06,'002242,九阳股份,29.5,29.66,27.23,27.55,27.29,2.21,8.0982,1.0609,8103976,233400791.02,22635704000.0,22535316680.0
2020-02-05,'002242,九阳股份,27.29,27.82,26.31,26.66,26.88,0.41,1.5253,1.0362,7915505,214859432.65,20939944480.0,20847077701.6
2020-02-04,'002242,九阳股份,26.88,27.0,24.51,24.51,25.0,1.88,7.52,0.8455,6459073,169884852.42,20625346560.0,20533874995.2
2020-02-03,'002242,九阳股份,25.0,25.36,24.14,24.14,26.82,-1.82,-6.786,1.3238,10112458,249570039.68,19182800000.0,19097726000.0
2020-01-23,'002242,九阳股份,26.82,27.55,26.38,27.55,27.63,-0.81,-2.9316,1.2673,9680736,259675659.76,20579307840.0,20488040452.8
2020-01-22,'002242,九阳股份,27.63,27.8,26.26,26.34,26.65,0.98,3.6773,1.139,8701116,235790539.11,21200830560.0,21106806775.2
2020-01-21,'002242,九阳股份,26.65,27.07,26.0,26.52,26.61,0.04,0.1503,1.0836,8277937,220204751.6,20448864800.0,20358175916.0
2020-01-20,'002242,九阳股份,26.61,26.79,25.71,26.11,26.06,0.55,2.1105,1.019,7784227,205185870.16,20418172320.0,20327619554.4
2020-01-17,'002242,九阳股份,26.06,26.81,25.24,25.24,25.18,0.88,3.4948,1.3181,10068865,263811559.68,19996150720.0,19907469582.4
2020-01-16,'002242,九阳股份,25.18,25.75,24.96,25.7,25.61,-0.43,-1.679,0.7175,5480908,138146810.45,19320916160.0,19235229627.2
2020-01-15,'002242,九阳股份,25.61,25.76,25.13,25.31,25.47,0.14,0.5497,0.6973,5326559,135744883.24,19650860320.0,19563710514.4
2020-01-14,'002242,九阳股份,25.47,25.85,25.26,25.69,25.68,-0.21,-0.8178,0.7212,5509675,140335911.85,19543436640.0,19456763248.8
2020-01-13,'002242,九阳股份,25.68,25.89,25.12,25.12,25.15,0.53,2.1074,0.9833,7511527,192635870.14,19704572160.0,19617184147.2
2020-01-10,'002242,九阳股份,25.15,25.25,24.6,25.05,25.05,0.1,0.3992,0.7925,6054301,151164478.2,19297896800.0,19212312356.0
2020-01-09,'002242,九阳股份,25.05,25.59,24.9,25.08,25.0,0.05,0.2,0.8293,6334812,159229892.72,19221165600.0,19135921452.0
2020-01-08,'002242,九阳股份,25.0,25.53,24.68,24.68,25.11,-0.11,-0.4381,0.9703,7412162,186149208.43,19182800000.0,19097726000.0
2020-01-07,'002242,九阳股份,25.11,25.56,24.39,24.39,24.35,0.76,3.1211,1.1931,9114074,228313087.21,19267204320.0,19181755994.4
2020-01-06,'002242,九阳股份,24.35,24.88,24.13,24.76,24.85,-0.5,-2.0121,1.079,8242712,202114932.17,18684047200.0,18601185124.0
2020-01-03,'002242,九阳股份,24.85,25.16,24.71,25.0,25.0,-0.15,-0.6,0.6808,5200453,129578309.09,19067703200.0,18983139644.0
2020-01-02,'002242,九阳股份,25.0,25.45,24.88,25.13,25.16,-0.16,-0.6359,0.9283,7091506,177883043.11,19182800000.0,19097726000.0
2019-12-31,'002242,九阳股份,25.16,25.28,24.28,24.61,24.62,0.54,2.1933,1.1307,8637821,215227771.48,19305569920.0,19219951446.4
2019-12-30,'002242,九阳股份,24.62,24.78,22.82,22.94,22.9,1.72,7.5109,1.4778,11289065,271612343.93,18891221440.0,18807440564.8
2019-12-27,'002242,九阳股份,22.9,23.41,22.9,23.37,23.41,-0.51,-2.1786,0.4745,3624696,83774586.55,17571444800.0,17493517016.0
2019-12-26,'002242,九阳股份,23.41,23.62,23.11,23.45,23.45,-0.04,-0.1706,0.3157,2411772,56260927.75,17962773920.0,17883110626.4
2019-12-25,'002242,九阳股份,23.45,23.58,23.09,23.24,23.08,0.37,1.6031,0.4896,3739967,87653190.46,17993466400.0,17913666988.0
2019-12-24,'002242,九阳股份,23.08,23.18,22.76,22.76,22.75,0.33,1.4505,0.4133,3157057,72758339.83,17709560960.0,17631020643.2
2019-12-23,'002242,九阳股份,22.75,23.4,22.68,23.12,23.28,-0.53,-2.2766,0.6101,4660895,107278640.66,17456348000.0,17378930660.0
2019-12-20,'002242,九阳股份,23.28,23.89,23.25,23.69,23.71,-0.43,-1.8136,0.6067,4634473,108767839.96,17863023360.0,17783802451.2
2019-12-19,'002242,九阳股份,23.71,23.74,23.39,23.57,23.54,0.17,0.7222,0.4623,3531240,83332675.65,18192967520.0,18112283338.4
2019-12-18,'002242,九阳股份,23.54,23.95,23.47,23.94,23.96,-0.42,-1.7529,0.7376,5634596,133391070.42,18062524480.0,17982418801.6
2019-12-17,'002242,九阳股份,23.96,24.38,23.7,24.21,24.35,-0.39,-1.6016,1.2185,9308293,223274279.89,18384795520.0,18303260598.4
2019-12-16,'002242,九阳股份,24.35,24.9,24.18,24.6,24.52,-0.17,-0.6933,0.9398,7179423,175431180.29,18684047200.0,18601185124.0
2019-12-13,'002242,九阳股份,24.52,24.53,23.83,24.18,24.07,0.45,1.8695,0.7212,5509113,133703771.35,18814490240.0,18731049660.8
2019-12-12,'002242,九阳股份,24.07,24.4,23.93,23.95,24.05,0.02,0.0832,0.3832,2927366,70805406.43,18469199840.0,18387290592.8
2019-12-11,'002242,九阳股份,24.05,24.26,23.85,24.12,24.07,-0.02,-0.0831,0.4461,3407680,81872316.09,18453853600.0,18372012412.0
2019-12-10,'002242,九阳股份,24.07,24.41,23.9,24.41,24.4,-0.33,-1.3525,0.7278,5560059,133783384.3,18469199840.0,18387290592.8
2019-12-09,'002242,九阳股份,24.4,24.59,23.21,23.56,23.09,1.31,5.6735,1.6388,12518994,300472240.0,18722412800.0,18639380576.0
2019-12-06,'002242,九阳股份,23.09,23.47,22.79,22.93,22.93,0.16,0.6978,0.6937,5299059,122851885.02,17717234080.0,17638659733.6
2019-12-05,'002242,九阳股份,22.93,23.12,22.82,23.05,22.97,-0.04,-0.1741,0.3808,2909176,66684828.52,17594464160.0,17516434287.2
2019-12-04,'002242,九阳股份,22.97,23.35,22.86,23.01,23.21,-0.24,-1.034,0.5587,4267595,98440010.41,17625156640.0,17546990648.8
2019-12-03,'002242,九阳股份,23.21,23.38,22.6,22.77,22.85,0.36,1.5755,0.5549,4238978,97818042.31,17809311520.0,17730328818.4
2019-12-02,'002242,九阳股份,22.85,23.11,22.43,22.43,22.59,0.26,1.151,0.6319,4827008,110140949.45,17533079200.0,17455321564.0
2019-11-29,'002242,九阳股份,22.59,22.59,22.04,22.17,22.37,0.22,0.9835,0.5117,3909059,87289996.11,17333578080.0,17256705213.6
2019-11-28,'002242,九阳股份,22.37,22.58,22.0,22.0,22.15,0.22,0.9932,0.5267,4023579,89702188.66,17164769440.0,17088645224.8
2019-11-27,'002242,九阳股份,22.15,22.43,22.09,22.32,22.39,-0.24,-1.0719,0.528,4033548,89501145.71,16995960800.0,16920585236.0
2019-11-26,'002242,九阳股份,22.39,22.66,22.05,22.47,22.45,-0.06,-0.2673,0.5696,4351098,97013728.18,17180115680.0,17103923405.6
2019-11-25,'002242,九阳股份,22.45,22.78,22.32,22.34,22.43,0.02,0.0892,0.6065,4632964,104318203.87,17226154400.0,17149757948.0
2019-11-22,'002242,九阳股份,22.43,23.22,22.38,22.93,22.93,-0.5,-2.1805,0.74,5653089,128964589.93,17210808160.0,17134479767.2
2019-11-21,'002242,九阳股份,22.93,23.17,22.63,22.9,23.0,-0.07,-0.3043,0.6062,4630750,105988599.04,17594464160.0,17516434287.2
2019-11-20,'002242,九阳股份,23.0,23.87,22.78,23.87,23.82,-0.82,-3.4425,1.5125,11554115,267341390.69,17648176000.0,17569907920.0
2019-11-19,'002242,九阳股份,23.82,24.04,23.39,23.55,23.6,0.22,0.9322,1.1527,8805320,209258427.3,18277371840.0,18196313332.8
2019-11-18,'002242,九阳股份,23.6,23.69,23.15,23.47,23.36,0.24,1.0274,0.6395,4884831,114693165.16,18108563200.0,18028253344.0
2019-11-15,'002242,九阳股份,23.36,24.18,23.13,23.99,24.03,-0.67,-2.7882,0.8517,6506028,152584942.78,17924408320.0,17844915174.4
2019-11-14,'002242,九阳股份,24.03,24.11,23.61,23.82,23.68,0.35,1.478,0.9247,7064136,168445960.35,18438507360.0,18356734231.2
2019-11-13,'002242,九阳股份,23.68,24.1,23.41,24.07,24.0,-0.32,-1.3333,0.7592,5799690,137563988.16,18169948160.0,18089366067.2
2019-11-12,'002242,九阳股份,24.0,24.4,23.83,24.2,24.17,-0.17,-0.7034,0.7407,5658201,136200775.86,18415488000.0,18333816960.0
2019-11-11,'002242,九阳股份,24.17,24.62,23.96,24.27,24.56,-0.39,-1.5879,1.0115,7727209,187968133.43,18545931040.0,18463681496.8
2019-11-08,'002242,九阳股份,24.56,25.46,24.41,25.31,25.4,-0.84,-3.3071,1.2079,9227335,228295743.12,18845182720.0,18761606022.4
2019-11-07,'002242,九阳股份,25.4,25.48,24.75,25.08,25.15,0.25,0.994,1.0819,8264583,207460973.42,19489724800.0,19403289616.0
2019-11-06,'002242,九阳股份,25.15,26.24,24.65,26.1,25.7,-0.55,-2.1401,1.8308,13985733,351944283.95,19297896800.0,19212312356.0
2019-11-05,'002242,九阳股份,25.7,26.07,24.21,24.21,24.21,1.49,6.1545,1.8401,14056904,354364746.31,19719918400.0,19632462328.0
2019-11-04,'002242,九阳股份,24.21,24.97,23.0,23.2,22.91,1.3,5.6744,1.857,14186058,339794692.27,18576623520.0,18494237858.4
2019-11-01,'002242,九阳股份,22.91,23.51,22.0,22.49,22.2,0.71,3.1982,1.5885,12134621,277627206.03,17579117920.0,17501156106.4
2019-10-31,'002242,九阳股份,22.2,22.47,21.2,21.2,20.95,1.25,5.9666,1.5088,11525875,253584022.44,17034326400.0,16958780688.0
2019-10-30,'002242,九阳股份,20.95,20.99,20.59,20.86,21.14,-0.19,-0.8988,0.3729,2848746,59254724.71,16075186400.0,16003894388.0
2019-10-29,'002242,九阳股份,21.14,21.7,21.02,21.61,21.59,-0.45,-2.0843,0.4561,3484333,73999823.62,16220975680.0,16149037105.6
2019-10-28,'002242,九阳股份,21.59,21.89,20.94,21.18,20.99,0.6,2.8585,0.8887,6789009,145729309.26,16566266080.0,16492796173.6
2019-10-25,'002242,九阳股份,20.99,21.1,20.46,20.46,20.6,0.39,1.8932,0.6078,4642871,97020409.64,16105878880.0,16034450749.6
2019-10-24,'002242,九阳股份,20.6,21.29,20.32,21.27,21.28,-0.68,-3.1955,0.7109,5430645,112139374.49,15806627200.0,15736526224.0
2019-10-23,'002242,九阳股份,21.28,21.39,21.16,21.16,21.24,0.04,0.1883,0.2409,1840449,39162444.47,16328399360.0,16255984371.2
2019-10-22,'002242,九阳股份,21.24,21.47,20.88,21.15,21.29,-0.05,-0.2349,0.3527,2694500,56995738.0,16297706880.0,16225428009.6
2019-10-21,'002242,九阳股份,21.29,21.49,20.6,21.18,21.24,0.05,0.2354,0.4305,3288492,69381602.97,16336072480.0,16263623461.6
2019-10-18,'002242,九阳股份,21.24,21.89,21.13,21.43,21.23,0.01,0.0471,0.5289,4040667,86965435.72,16297706880.0,16225428009.6
2019-10-17,'002242,九阳股份,21.23,21.45,21.04,21.38,21.35,-0.12,-0.5621,0.3555,2715860,57677408.66,16290033760.0,16217788919.2
2019-10-16,'002242,九阳股份,21.35,21.55,21.14,21.4,21.36,-0.01,-0.0468,0.2856,2181883,46608850.45,16382111200.0,16309458004.0
2019-10-15,'002242,九阳股份,21.36,21.72,21.18,21.28,21.44,-0.08,-0.3731,0.3937,3007399,64354643.37,16389784320.0,16317097094.4
2019-10-14,'002242,九阳股份,21.44,21.62,20.84,20.84,20.79,0.65,3.1265,0.6886,5260179,112118863.42,16451169280.0,16378209817.6
2019-10-11,'002242,九阳股份,20.79,21.09,20.41,20.93,20.94,-0.15,-0.7163,0.7076,5405104,112227338.04,15952416480.0,15881668941.6
2019-10-10,'002242,九阳股份,20.94,21.27,20.63,21.15,21.12,-0.18,-0.8523,0.6889,5262444,109734954.78,16067513280.0,15996255297.6
2019-10-09,'002242,九阳股份,21.62,22.0,21.22,22.0,22.14,-0.52,-2.3487,0.5811,4439006,95670151.76,16589285440.0,16515713444.8
2019-10-08,'002242,九阳股份,22.14,22.34,21.86,22.0,21.88,0.26,1.1883,0.3758,2870624,63384684.34,16988287680.0,16912946145.6
2019-09-30,'002242,九阳股份,21.88,22.28,21.75,21.81,21.89,-0.01,-0.0457,0.3535,2700374,59399812.18,16788786560.0,16714329795.2
2019-09-27,'002242,九阳股份,21.89,22.12,21.66,21.89,21.89,0.0,0.0,0.5051,3858716,84257151.3,16796459680.0,16721968885.6
2019-09-26,'002242,九阳股份,21.89,22.71,21.87,22.59,22.65,-0.76,-3.3554,0.6875,5251924,116742970.09,16796459680.0,16721968885.6
2019-09-25,'002242,九阳股份,22.65,23.93,22.58,23.93,23.91,-1.26,-5.2698,0.9161,6998186,161968951.79,17379616800.0,17302539756.0
2019-09-24,'002242,九阳股份,23.91,24.75,23.68,23.8,23.8,0.11,0.4622,1.5509,11847808,286112628.96,18346429920.0,18265065146.4
2019-09-23,'002242,九阳股份,23.8,24.18,22.8,23.38,23.41,0.39,1.666,1.4028,10716022,253537836.05,18262025600.0,18181035152.0
2019-09-20,'002242,九阳股份,23.41,23.48,22.52,23.02,22.93,0.48,2.0933,0.8483,6480393,149400293.87,17964155110.0,17883110626.4
2019-09-19,'002242,九阳股份,22.93,23.1,22.69,22.99,22.98,-0.05,-0.2176,0.429,3276888,75047180.94,17595817030.0,17516434287.2
2019-09-18,'002242,九阳股份,22.98,23.07,22.53,22.66,22.62,0.36,1.5915,0.5689,4345829,99356891.38,17634185580.0,17554629739.2
2019-09-17,'002242,九阳股份,22.62,23.14,22.42,22.98,22.98,-0.36,-1.5666,0.6022,4600446,104578663.87,17357932020.0,17279622484.8
2019-09-16,'002242,九阳股份,22.98,23.35,22.79,23.29,23.2,-0.22,-0.9483,0.4776,3648252,84076634.11,17634185580.0,17554629739.2
2019-09-12,'002242,九阳股份,23.2,23.3,23.02,23.13,23.08,0.12,0.5199,0.3255,2486272,57617651.49,17803007200.0,17722689728.0
2019-09-11,'002242,九阳股份,23.08,23.78,23.01,23.58,23.71,-0.63,-2.6571,0.5172,3951242,92145723.74,17710922680.0,17631020643.2
2019-09-10,'002242,九阳股份,23.71,24.12,23.52,23.63,23.75,-0.04,-0.1684,0.6558,5009452,118954462.84,18194366410.0,18112283338.4
2019-09-09,'002242,九阳股份,23.75,23.88,23.25,23.52,23.46,0.29,1.2361,0.8617,6582413,155050636.95,18225061250.0,18142839700.0
2019-09-06,'002242,九阳股份,23.46,23.91,23.2,23.45,23.46,0.0,0.0,0.7019,5362104,126128237.75,18002523660.0,17921306078.4
2019-09-05,'002242,九阳股份,23.46,24.02,23.25,23.36,23.36,0.1,0.4281,1.0466,7995266,189155129.81,18002523660.0,17921306078.4
2019-09-04,'002242,九阳股份,23.36,23.74,23.0,23.63,23.62,-0.26,-1.1008,0.8661,6616546,153784749.22,17925786560.0,17844915174.4
2019-09-03,'002242,九阳股份,23.62,24.06,23.48,24.04,23.95,-0.33,-1.3779,0.7308,5582868,132496179.72,18125303020.0,18043531524.8
2019-09-02,'002242,九阳股份,23.95,24.17,22.13,22.13,22.07,1.88,8.5184,1.3844,10575555,248275401.74,18378535450.0,18295621508.0
2019-08-30,'002242,九阳股份,22.07,22.48,21.94,22.31,22.16,-0.09,-0.4061,0.5211,3980632,88476505.7,16935877970.0,16859472512.8
2019-08-29,'002242,九阳股份,22.16,22.59,21.9,22.2,22.27,-0.11,-0.4939,0.5761,4401215,97946417.08,17004941360.0,16928224326.4
2019-08-28,'002242,九阳股份,22.27,22.77,22.17,22.48,22.45,-0.18,-0.8018,0.5275,4029360,90204496.95,17089352170.0,17012254320.8
2019-08-27,'002242,九阳股份,22.45,22.77,21.8,22.05,22.01,0.44,1.9991,1.0566,8071707,180679625.67,17227478950.0,17149757948.0
2019-08-26,'002242,九阳股份,22.01,22.15,21.06,21.17,21.6,0.41,1.8981,1.3914,10629204,231702566.4,16889835710.0,16813637970.4
2019-08-23,'002242,九阳股份,21.6,21.65,21.11,21.52,21.51,0.09,0.4184,0.7768,5933753,127261549.08,16575213600.0,16500435264.0
2019-08-22,'002242,九阳股份,21.51,21.54,20.95,21.18,21.11,0.4,1.8948,0.8367,6391376,136239961.26,16506150210.0,16431683450.4
2019-08-21,'002242,九阳股份,21.11,21.34,20.82,21.3,21.3,-0.19,-0.892,0.8954,6840134,143790434.39,16199201810.0,16126119834.4
2019-08-20,'002242,九阳股份,21.3,21.62,21.18,21.61,21.61,-0.31,-1.4345,0.7701,5883241,125575657.87,16345002300.0,16271262552.0
2019-08-19,'002242,九阳股份,21.61,21.85,21.13,21.42,21.39,0.22,1.0285,1.0908,8332652,178905739.24,16582887310.0,16508074354.4
2019-08-16,'002242,九阳股份,21.39,21.77,20.89,21.15,21.22,0.17,0.8011,1.1646,8896411,190061578.12,16414065690.0,16340014365.6
2019-08-15,'002242,九阳股份,21.22,22.0,20.91,21.89,21.1,0.12,0.5687,1.7014,12996981,277493226.5,16283612620.0,16210149828.8
2019-08-14,'002242,九阳股份,21.1,21.11,20.31,20.37,20.23,0.87,4.3005,0.6809,5201098,107946963.03,16191528100.0,16118480744.0
2019-08-13,'002242,九阳股份,20.23,20.55,20.04,20.1,20.23,0.0,0.0,0.3112,2377651,48207976.43,15523915330.0,15453879879.2
2019-08-12,'002242,九阳股份,20.23,20.28,19.8,19.98,20.0,0.23,1.15,0.384,2933182,58728749.47,15523915330.0,15453879879.2
2019-08-09,'002242,九阳股份,20.0,20.5,19.91,20.48,20.46,-0.46,-2.2483,0.4865,3716108,74714326.8,15347420000.0,15278180800.0
2019-08-08,'002242,九阳股份,20.46,20.8,20.22,20.59,20.57,-0.11,-0.5348,0.5807,4435915,90589329.11,15700410660.0,15629578958.4
2019-08-07,'002242,九阳股份,20.57,20.92,20.1,20.23,20.01,0.56,2.7986,0.7085,5412120,111705009.88,15784821470.0,15713608952.8
2019-08-06,'002242,九阳股份,20.01,20.55,19.68,20.25,20.58,-0.57,-2.7697,0.6006,4587959,92055649.07,15355093710.0,15285819890.4
2019-08-05,'002242,九阳股份,20.58,20.88,20.44,20.55,20.77,-0.19,-0.9148,0.3037,2320120,47840547.48,15792495180.0,15721248043.2
2019-08-02,'002242,九阳股份,20.77,20.91,20.37,20.5,20.88,-0.11,-0.5268,0.4469,3413615,70405216.53,15938295670.0,15866390760.8
2019-08-01,'002242,九阳股份,20.88,21.07,20.5,20.5,20.68,0.2,0.9671,0.5685,4343173,90652316.79,16022706480.0,15950420755.2
2019-07-31,'002242,九阳股份,20.68,21.0,20.4,20.49,20.55,0.13,0.6326,0.5623,4295239,89096738.15,15869232280.0,15797638947.2
2019-07-30,'002242,九阳股份,20.55,21.06,20.32,20.6,20.7,-0.15,-0.7246,0.6243,4769094,98758316.82,15769474050.0,15698330772.0
2019-07-29,'002242,九阳股份,20.7,21.0,20.18,20.5,20.49,0.21,1.0249,0.6777,5177294,106042867.23,15884579700.0,15812917128.0
2019-07-26,'002242,九阳股份,20.49,20.52,19.74,19.8,19.7,0.79,4.0102,0.7007,5352691,107926084.55,15723431790.0,15652496229.6
2019-07-25,'002242,九阳股份,19.7,19.76,19.37,19.7,19.78,-0.08,-0.4044,0.5196,3969117,77643717.95,15117208700.0,15049008088.0
2019-07-24,'002242,九阳股份,19.78,19.89,19.58,19.74,19.73,0.05,0.2534,0.6935,5297879,104478059.77,15178598380.0,15110120811.2
2019-07-23,'002242,九阳股份,19.73,20.02,19.64,19.71,19.86,-0.13,-0.6546,0.3772,2881339,56921559.03,15140229830.0,15071925359.2
2019-07-22,'002242,九阳股份,19.86,20.13,19.4,19.87,19.85,0.01,0.0504,0.4599,3513113,69535228.16,15239988060.0,15171233534.4
2019-07-19,'002242,九阳股份,19.85,20.12,19.63,19.73,19.73,0.12,0.6082,0.3879,2963217,58951757.3,15232314350.0,15163594444.0
2019-07-18,'002242,九阳股份,19.73,20.16,19.68,20.06,20.18,-0.45,-2.2299,0.462,3529512,69868280.88,15140229830.0,15071925359.2
2019-07-17,'002242,九阳股份,20.18,20.53,20.07,20.43,20.38,-0.2,-0.9814,0.431,3292298,66501814.42,15485546780.0,15415684427.2
2019-07-16,'002242,九阳股份,20.38,20.87,20.37,20.71,20.65,-0.27,-1.3075,0.332,2536309,52206458.26,15639020980.0,15568466235.2
2019-07-15,'002242,九阳股份,20.65,20.97,19.91,20.2,20.3,0.35,1.7241,0.5457,4168602,85256945.73,15846211150.0,15774721676.0
2019-07-12,'002242,九阳股份,20.3,20.58,20.08,20.15,20.15,0.15,0.7444,0.4721,3606500,73081896.62,15577631300.0,15507353512.0
2019-07-11,'002242,九阳股份,20.15,20.46,20.04,20.17,20.09,0.06,0.2987,0.5374,4104918,83173003.62,15462525650.0,15392767156.0
2019-07-10,'002242,九阳股份,20.09,20.58,20.03,20.46,20.46,-0.37,-1.8084,0.433,3307795,66659257.06,15416483390.0,15346932613.6
2019-07-09,'002242,九阳股份,20.46,20.96,20.23,20.83,20.62,-0.16,-0.7759,0.4746,3625261,74071393.19,15700410660.0,15629578958.4
2019-07-08,'002242,九阳股份,20.62,21.49,20.61,21.48,21.43,-0.81,-3.7797,0.5672,4333023,90489623.67,15823190020.0,15751804404.8
2019-07-05,'002242,九阳股份,21.43,21.89,21.1,21.85,21.62,-0.19,-0.8788,0.7129,5445528,116394486.42,16444760530.0,16370570727.2
2019-07-04,'002242,九阳股份,21.62,22.09,21.38,21.85,21.89,-0.27,-1.2334,0.4352,3324774,71949949.6,16590561020.0,16515713444.8
2019-07-03,'002242,九阳股份,21.89,22.3,21.63,21.82,21.75,0.14,0.6437,0.6842,5226721,114639405.4,16797751190.0,16721968885.6
2019-07-02,'002242,九阳股份,21.75,22.36,21.56,21.63,21.82,-0.07,-0.3208,0.691,5268965,115072132.77,16690319250.0,16584615120.0
2019-07-01,'002242,九阳股份,21.82,21.95,21.19,21.22,20.81,1.01,4.8534,0.5688,4337421,93804929.46,16744035220.0,16637990892.8
2019-06-28,'002242,九阳股份,20.81,21.27,20.76,21.11,21.28,-0.47,-2.2086,0.3275,2497197,52259530.77,15968990510.0,15867854742.4
2019-06-27,'002242,九阳股份,21.28,21.48,20.74,20.74,20.77,0.51,2.4555,0.4999,3811616,80932235.51,16329654880.0,16226234931.2
2019-06-26,'002242,九阳股份,20.77,21.09,20.57,20.66,20.89,-0.12,-0.5744,0.392,2989268,62154765.74,15938295670.0,15837354300.8
2019-06-25,'002242,九阳股份,20.89,21.25,20.62,21.18,20.94,-0.05,-0.2388,0.5246,4000151,83535867.65,16030380190.0,15928855625.6
2019-06-24,'002242,九阳股份,20.94,21.34,20.71,20.85,21.0,-0.06,-0.2857,0.5468,4169291,87486549.62,16068748740.0,15966981177.6
2019-06-21,'002242,九阳股份,21.0,21.0,20.26,20.26,20.23,0.77,3.8062,0.6288,4794944,99902224.36,16114791000.0,16012731840.0
2019-06-20,'002242,九阳股份,20.23,20.6,19.65,19.65,19.67,0.56,2.847,0.8218,6266248,126614163.99,15523915330.0,15425598339.2
2019-06-19,'002242,九阳股份,19.67,20.0,19.62,19.62,19.41,0.26,1.3395,0.413,3149432,62518081.39,15094187570.0,14998592156.8
2019-06-18,'002242,九阳股份,19.41,19.59,19.31,19.38,19.47,-0.06,-0.3082,0.2469,1882435,36607552.11,14894671110.0,14800339286.4
2019-06-17,'002242,九阳股份,19.47,19.58,19.1,19.27,19.25,0.22,1.1429,0.3959,3018408,58440431.64,14940713370.0,14846089948.8
2019-06-14,'002242,九阳股份,19.25,19.64,19.21,19.49,19.49,-0.24,-1.2314,0.522,3980402,77189298.23,14771891750.0,14678337520.0
2019-06-13,'002242,九阳股份,19.49,20.0,19.25,20.0,20.09,-0.6,-2.9866,0.9037,6890941,134313023.79,14956060790.0,14861340169.6
2019-06-12,'002242,九阳股份,20.09,20.61,19.87,20.61,20.63,-0.54,-2.6175,0.7064,5386155,108392347.94,15416483390.0,15318846793.6
2019-06-11,'002242,九阳股份,20.63,20.85,19.65,19.7,19.7,0.93,4.7208,0.8767,6684854,135903255.75,15830863730.0,15730602755.2
2019-06-10,'002242,九阳股份,19.7,20.23,19.33,19.74,19.45,0.25,1.2853,0.5103,3891288,77169922.38,15117208700.0,15021467488.0
2019-06-06,'002242,九阳股份,19.45,19.89,19.41,19.7,19.66,-0.21,-1.0682,0.3464,2641115,51955251.11,14925365950.0,14830839728.0
2019-06-05,'002242,九阳股份,19.66,20.3,19.59,20.22,19.9,-0.24,-1.206,0.5399,4117031,82018754.79,15086513860.0,14990967046.4
2019-06-04,'002242,九阳股份,19.9,20.36,19.36,19.36,19.42,0.48,2.4717,0.8577,6540384,130476901.29,15270682900.0,15173969696.0
2019-06-03,'002242,九阳股份,19.42,20.5,19.0,20.23,20.21,-0.79,-3.909,0.967,7373509,144200524.66,14902344820.0,14807964396.8
2019-05-31,'002242,九阳股份,20.21,21.23,20.18,20.49,20.44,-0.23,-1.1252,0.6089,4643167,95533232.4,15508567910.0,15410348118.4
2019-05-30,'002242,九阳股份,20.44,20.86,19.99,20.81,20.93,-0.49,-2.3411,0.5511,4202199,85665961.39,15685063240.0,15585725657.6
2019-05-29,'002242,九阳股份,20.93,21.4,20.93,21.3,21.29,-0.36,-1.6909,0.3195,2435917,51296520.71,16061075030.0,15959356067.2
2019-05-28,'002242,九阳股份,21.29,21.84,21.28,21.6,21.49,-0.2,-0.9307,0.4722,3600667,77533186.47,16337328590.0,16233860041.6
2019-05-27,'002242,九阳股份,21.49,21.67,20.89,21.16,21.16,0.33,1.5595,0.3989,3041492,65129157.66,16490802790.0,16386362249.6
2019-05-24,'002242,九阳股份,21.16,21.42,21.05,21.26,21.31,-0.15,-0.7039,0.3223,2457310,52151531.04,16237570360.0,16134733606.4
2019-05-23,'002242,九阳股份,21.31,21.59,21.12,21.3,21.37,-0.06,-0.2808,0.4441,3386624,72286805.66,16352676010.0,16249110262.4
2019-05-22,'002242,九阳股份,21.37,21.53,21.18,21.37,21.38,-0.01,-0.0468,0.368,2806104,59853351.16,16398718270.0,16294860924.8
2019-05-21,'002242,九阳股份,21.38,21.42,20.7,20.98,20.98,0.4,1.9066,0.4539,3461157,73321589.11,16406391980.0,16302486035.2
2019-05-20,'002242,九阳股份,20.98,21.49,20.59,20.84,20.87,0.11,0.5271,0.4921,3752445,78799332.43,16099443580.0,15997481619.2
2019-05-17,'002242,九阳股份,20.87,21.68,20.84,21.68,21.41,-0.54,-2.5222,0.6306,4808640,102347273.15,16015032770.0,15913605404.8
2019-05-16,'002242,九阳股份,21.41,21.65,21.07,21.19,21.29,0.12,0.5636,0.46,3507683,74790053.86,16429413110.0,16325361366.4
2019-05-15,'002242,九阳股份,21.29,21.37,20.35,20.51,20.41,0.88,4.3116,0.7984,6087818,128102725.08,16337328590.0,16233860041.6
2019-05-14,'002242,九阳股份,21.21,21.72,21.11,21.3,21.49,-0.28,-1.3029,0.4425,3374248,72080677.36,16275938910.0,16172859158.4
2019-05-13,'002242,九阳股份,21.49,21.79,21.36,21.79,21.84,-0.35,-1.6026,0.4355,3320458,71467461.06,16490802790.0,16386362249.6
2019-05-10,'002242,九阳股份,21.84,22.0,20.5,20.62,20.39,1.45,7.1113,0.8228,6273879,133065251.02,16759382640.0,16653241113.6
2019-05-09,'002242,九阳股份,20.39,21.0,20.24,20.54,20.59,-0.2,-0.9713,0.4558,3475226,71339402.1,15646694690.0,15547600105.6
2019-05-08,'002242,九阳股份,20.59,21.35,20.27,20.52,20.68,-0.09,-0.4352,0.9136,6966504,145483687.53,15800168890.0,15700102313.6
2019-05-07,'002242,九阳股份,20.68,21.4,20.35,21.4,20.9,-0.22,-1.0526,0.6799,5184586,107915394.45,15869232280.0,15768728307.2
2019-05-06,'002242,九阳股份,20.9,22.01,20.53,20.62,21.86,-0.96,-4.3916,1.0536,8033605,170654308.49,16040979900.0,15936480736.0
2019-04-30,'002242,九阳股份,21.86,21.95,21.43,21.43,21.42,0.44,2.0542,0.8353,6369394,138152342.43,16777790460.0,16668491334.4
2019-04-29,'002242,九阳股份,21.42,21.78,21.07,21.5,21.78,-0.36,-1.6529,0.9824,7491202,160320686.1,16440085620.0,16332986476.8
2019-04-26,'002242,九阳股份,21.78,22.3,21.41,21.81,21.95,-0.17,-0.7745,0.6499,4955389,107969033.77,16716389580.0,16607490451.2
2019-04-25,'002242,九阳股份,21.95,22.65,21.89,22.21,22.36,-0.41,-1.8336,0.825,6290753,138985155.71,16846866450.0,16737117328.0
2019-04-24,'002242,九阳股份,22.36,22.49,21.89,22.33,22.36,0.0,0.0,0.7776,5929029,131448735.42,17161545960.0,17049746854.4
2019-04-23,'002242,九阳股份,22.36,22.75,22.12,22.18,22.32,0.04,0.1792,0.6383,4867339,109215554.65,17161545960.0,17049746854.4
2019-04-22,'002242,九阳股份,22.32,23.66,21.87,23.35,23.92,-1.6,-6.689,1.2945,9870930,222270313.11,17130845520.0,17019246412.8
2019-04-19,'002242,九阳股份,23.92,24.23,21.63,23.71,23.87,0.05,0.2095,1.7609,13426875,307681785.19,18358863120.0,18239264076.8
2019-04-18,'002242,九阳股份,23.87,24.35,23.85,24.03,23.85,0.02,0.0839,0.5542,4225476,101833463.02,18320487570.0,18201138524.8
2019-04-17,'002242,九阳股份,23.85,24.78,23.65,24.78,24.45,-0.6,-2.454,0.9122,6955687,166903608.41,18305137350.0,18185888304.0
2019-04-16,'002242,九阳股份,24.45,24.45,23.36,23.83,23.76,0.69,2.904,0.7271,5544379,133084817.08,18765643950.0,18643394928.0
2019-04-15,'002242,九阳股份,23.76,24.79,23.55,24.7,24.26,-0.5,-2.061,0.7502,5720369,137510464.62,18236061360.0,18117262310.4
2019-04-12,'002242,九阳股份,24.26,24.7,23.8,24.09,24.2,0.06,0.2479,0.5027,3832823,92837943.44,18619816860.0,18498517830.4
2019-04-11,'002242,九阳股份,24.2,25.1,23.5,24.76,24.96,-0.76,-3.0449,0.6552,4995800,121844925.18,18573766200.0,18452767168.0
2019-04-10,'002242,九阳股份,24.96,25.47,24.27,24.35,24.61,0.35,1.4222,0.8986,6852054,170630647.59,19157074560.0,19032275558.4
2019-04-09,'002242,九阳股份,24.61,25.5,24.4,24.83,25.18,-0.57,-2.2637,0.8317,6342183,156683207.46,18888445710.0,18765396694.4
2019-04-08,'002242,九阳股份,25.18,25.56,24.0,25.1,25.07,0.11,0.4388,1.247,9508139,236723732.62,19325926980.0,19200027987.2
2019-04-04,'002242,九阳股份,25.07,25.5,24.45,24.9,24.69,0.38,1.5391,1.0806,8240034,206278875.45,19241500770.0,19116151772.8
2019-04-03,'002242,九阳股份,24.69,25.08,24.41,24.65,24.8,-0.11,-0.4435,0.8046,6135328,151221440.35,18949846590.0,18826397577.6
2019-04-02,'002242,九阳股份,24.8,25.36,24.7,25.15,25.08,-0.28,-1.1164,1.0705,8162861,203675378.02,19034272800.0,18910273792.0
2019-04-01,'002242,九阳股份,25.08,25.15,23.3,23.42,23.07,2.01,8.7126,1.8003,13727676,338526317.83,19249175880.0,19123776883.2
2019-03-29,'002242,九阳股份,23.07,23.23,21.76,22.5,22.48,0.59,2.6246,1.3104,9992145,226219878.04,17706478770.0,17591129692.8
2019-03-28,'002242,九阳股份,22.48,22.86,21.52,21.68,21.76,0.72,3.3088,1.2662,9654655,214930807.83,17253647280.0,17141248179.2
2019-03-27,'002242,九阳股份,21.76,21.98,21.48,21.75,21.48,0.28,1.3035,1.0585,8070861,175653774.6,16701039360.0,16592240230.4
2019-03-26,'002242,九阳股份,21.48,22.54,21.06,21.94,21.89,-0.41,-1.873,1.1619,8859847,194107284.85,16486136280.0,16378737139.2
2019-03-25,'002242,九阳股份,21.89,22.75,21.81,22.12,22.6,-0.71,-3.1416,1.3111,9997427,222247756.43,16800815790.0,16691366665.6
2019-03-22,'002242,九阳股份,22.6,23.3,22.25,23.3,23.27,-0.67,-2.8792,1.0753,8199462,185821659.03,17345748600.0,17232749504.0
2019-03-21,'002242,九阳股份,23.27,23.7,22.72,23.06,23.27,0.0,0.0,1.1549,8806258,204493306.72,17859980970.0,17743631900.8
2019-03-20,'002242,九阳股份,23.27,23.58,22.32,22.32,22.3,0.97,4.3498,1.9963,15221756,349743311.14,17859980970.0,17743631900.8
2019-03-19,'002242,九阳股份,22.3,23.15,22.23,22.99,22.93,-0.63,-2.7475,1.0031,7649093,172813896.55,17115495300.0,17003996192.0
2019-03-18,'002242,九阳股份,22.93,23.21,21.25,21.56,21.48,1.45,6.7505,1.47,11208544,250582248.83,17599027230.0,17484378147.2
2019-03-15,'002242,九阳股份,21.48,21.55,20.46,20.78,20.61,0.87,4.2213,1.317,10042277,211809420.26,16486136280.0,16378737139.2
2019-03-14,'002242,九阳股份,20.61,21.1,20.0,20.83,20.95,-0.34,-1.6229,1.0732,8183432,167117899.23,15818401710.0,15715352534.4
2019-03-13,'002242,九阳股份,20.95,21.29,20.15,20.44,20.47,0.48,2.3449,1.1873,9053618,188980668.46,16079355450.0,15974606288.0
2019-03-12,'002242,九阳股份,20.47,21.6,20.28,20.85,20.85,-0.38,-1.8225,1.3787,10512857,219156553.91,15710950170.0,15608600988.8
2019-03-11,'002242,九阳股份,20.85,20.97,19.52,19.53,19.76,1.09,5.5162,1.5332,11690571,237156295.87,16002604350.0,15898355184.0
2019-03-08,'002242,九阳股份,19.76,20.32,18.71,18.95,19.03,0.73,3.836,2.1871,16676648,328506756.43,15166017360.0,15067218150.4
2019-03-07,'002242,九阳股份,19.03,19.31,18.71,19.1,19.1,-0.07,-0.3665,0.7835,5974336,113421451.07,14605734330.0,14510585091.2
2019-03-06,'002242,九阳股份,19.1,19.38,18.9,19.3,19.22,-0.12,-0.6243,0.7154,5455342,103855250.59,14659460100.0,14563960864.0
2019-03-05,'002242,九阳股份,19.22,19.45,18.91,19.13,19.13,0.09,0.4705,0.8146,6211418,118952107.58,14751561420.0,14655462188.8
2019-03-04,'002242,九阳股份,19.13,19.68,18.4,18.66,18.67,0.46,2.4638,1.4776,11266552,216367728.68,14682485430.0,14586836195.2
2019-03-01,'002242,九阳股份,18.67,18.88,18.04,18.04,17.9,0.77,4.3017,1.4222,10844431,199561252.24,14329430370.0,14236081116.8
2019-02-28,'002242,九阳股份,17.9,17.99,17.67,17.78,17.63,0.27,1.5315,0.5154,3930106,70203517.94,13738446900.0,13648947616.0
2019-02-27,'002242,九阳股份,17.63,18.1,17.57,17.82,17.69,-0.06,-0.3392,0.9868,7524680,134796830.73,13531218930.0,13443069635.2
2019-02-26,'002242,九阳股份,17.69,18.37,17.58,17.58,17.29,0.4,2.3135,1.7884,13637035,243687467.0,13577269590.0,13488820297.6
2019-02-25,'002242,九阳股份,17.29,17.3,16.78,16.81,16.76,0.53,3.1623,1.4971,11415734,194529795.05,13270265190.0,13183815881.6
2019-02-22,'002242,九阳股份,16.76,16.76,16.43,16.52,16.62,0.14,0.8424,0.7433,5667528,93932027.75,12863484360.0,12779685030.4
2019-02-21,'002242,九阳股份,16.62,16.74,16.39,16.59,16.61,0.01,0.0602,0.7022,5354525,88750952.27,12756032820.0,12672933484.8
2019-02-20,'002242,九阳股份,16.61,16.63,16.4,16.5,16.5,0.11,0.6667,0.5205,3968837,65480981.88,12748357710.0,12665308374.4
2019-02-19,'002242,九阳股份,16.5,16.88,16.4,16.76,16.81,-0.31,-1.8441,0.9458,7211957,119851283.47,12663931500.0,12581432160.0
2019-02-18,'002242,九阳股份,16.81,16.86,16.44,16.58,16.57,0.24,1.4484,0.8994,6858114,114492396.12,12901859910.0,12817810582.4
2019-02-15,'002242,九阳股份,16.57,16.76,16.49,16.72,16.72,-0.15,-0.8971,0.5585,4258915,70656562.49,12717657270.0,12634807932.8
2019-02-14,'002242,九阳股份,16.72,16.92,16.63,16.92,16.96,-0.24,-1.4151,0.674,5139356,85914075.64,12832783920.0,12749184588.8
2019-02-13,'002242,九阳股份,16.96,17.12,16.67,17.12,17.04,-0.08,-0.4695,0.772,5886328,99170315.93,13016986560.0,12932187238.4
2019-02-12,'002242,九阳股份,17.04,17.2,16.96,17.06,17.13,-0.09,-0.5254,0.4808,3665983,62497274.1,13078387440.0,12993188121.6
2019-02-11,'002242,九阳股份,17.13,17.16,16.81,16.86,16.84,0.29,1.7221,0.4671,3561931,60455733.92,13147463430.0,13061814115.2
2019-02-01,'002242,九阳股份,16.84,16.95,16.62,16.87,16.88,-0.04,-0.237,0.3482,2655285,44620805.37,12924885240.0,12840685913.6
2019-01-31,'002242,九阳股份,16.88,16.95,16.38,16.38,16.45,0.43,2.614,0.4575,3488825,58544266.37,12955585680.0,12871186355.2
2019-01-30,'002242,九阳股份,16.45,16.74,16.3,16.65,16.63,-0.18,-1.0824,0.2852,2174658,35813758.77,12625555950.0,12543306608.0
2019-01-29,'002242,九阳股份,16.63,16.87,16.25,16.69,16.57,0.06,0.3621,0.4105,3130224,51803622.33,12763707930.0,12680558595.2
2019-01-28,'002242,九阳股份,16.57,17.2,16.56,16.81,16.8,-0.23,-1.369,0.508,3873520,65177931.43,12717657270.0,12634807932.8
2019-01-25,'002242,九阳股份,16.8,16.88,16.2,16.32,16.32,0.48,2.9412,0.7334,5592630,93214643.48,12894184800.0,12810185472.0
2019-01-24,'002242,九阳股份,16.32,16.48,16.21,16.42,16.45,-0.13,-0.7903,0.3975,3031006,49490029.73,12525779520.0,12444180172.8
2019-01-23,'002242,九阳股份,16.45,16.46,16.05,16.05,16.12,0.33,2.0471,0.4417,3368390,54824023.58,12625555950.0,12543306608.0
2019-01-22,'002242,九阳股份,16.12,16.28,16.02,16.06,16.16,-0.04,-0.2475,0.3228,2461451,39685888.15,12372277320.0,12291677964.8
2019-01-21,'002242,九阳股份,16.16,16.6,16.08,16.25,16.18,-0.02,-0.1236,0.4491,3425046,56108658.54,12402977760.0,12325409760.0
2019-01-18,'002242,九阳股份,16.18,16.23,15.85,16.0,16.0,0.18,1.125,0.3331,2540259,40915244.64,12418327980.0,12340663980.0
2019-01-17,'002242,九阳股份,16.0,16.1,15.8,16.0,16.01,-0.01,-0.0625,0.344,2623565,41903396.4,12280176000.0,12203376000.0
2019-01-16,'002242,九阳股份,16.01,16.16,15.85,16.03,16.06,-0.05,-0.3113,0.2932,2236057,35814027.32,12287851110.0,12211003110.0
2019-01-15,'002242,九阳股份,16.06,16.11,15.77,15.88,15.9,0.16,1.0063,0.3406,2597999,41531480.55,12326226660.0,12249138660.0
2019-01-14,'002242,九阳股份,15.9,16.15,15.81,15.92,15.97,-0.07,-0.4383,0.3436,2620888,41794783.35,12203424900.0,12127104900.0
2019-01-11,'002242,九阳股份,15.97,16.07,15.85,15.93,16.05,-0.08,-0.4984,0.3191,2433966,38813324.97,12257150670.0,12180494670.0
2019-01-10,'002242,九阳股份,16.05,16.3,15.79,16.17,16.21,-0.16,-0.987,0.4524,3450600,55266085.83,12318551550.0,12241511550.0
2019-01-09,'002242,九阳股份,16.21,16.77,16.06,16.45,16.35,-0.14,-0.8563,0.7437,5672380,93240204.34,12441353310.0,12363545310.0
2019-01-08,'002242,九阳股份,16.35,16.4,15.71,15.81,15.81,0.54,3.4156,0.6888,5253713,85135939.8,12548804850.0,12470324850.0
2019-01-07,'002242,九阳股份,15.81,15.88,15.38,15.54,15.5,0.31,2.0,0.5206,3970801,62267687.78,12134348910.0,12058460910.0
2019-01-04,'002242,九阳股份,15.5,15.7,14.91,14.92,15.26,0.24,1.5727,0.5977,4558561,69717319.34,11896420500.0,11822020500.0
2019-01-03,'002242,九阳股份,15.26,15.68,15.15,15.37,15.37,-0.11,-0.7157,0.7091,5408327,83233762.21,11712217860.0,11638969860.0
2019-01-02,'002242,九阳股份,15.37,16.0,15.22,16.0,16.01,-0.64,-3.9975,1.156,8816992,137614877.51,11796644070.0,11722868070.0
2018-12-28,'002242,九阳股份,16.01,16.66,15.66,16.3,16.5,-0.49,-2.9697,1.3258,10111918,162124828.37,12287851110.0,12211003110.0
2018-12-27,'002242,九阳股份,16.5,16.66,15.9,15.97,15.65,0.85,5.4313,1.0708,8167086,134102284.16,12663931500.0,12584731500.0
2018-12-26,'002242,九阳股份,15.65,15.97,15.56,15.84,15.9,-0.25,-1.5723,0.4105,3130936,49271682.03,12011547150.0,11936427150.0
2018-12-25,'002242,九阳股份,15.9,16.0,15.5,15.93,15.88,0.02,0.1259,0.5821,4439498,70263623.97,12203424900.0,12127104900.0
2018-12-24,'002242,九阳股份,15.88,16.12,15.62,15.86,15.97,-0.09,-0.5636,0.5936,4527250,71719919.65,12188074680.0,12111850680.0
2018-12-21,'002242,九阳股份,15.97,16.23,15.81,15.81,15.99,-0.02,-0.1251,0.425,3241435,51884908.76,12257150670.0,12180494670.0
2018-12-20,'002242,九阳股份,15.99,16.24,15.76,15.9,15.9,0.09,0.566,0.363,2768679,44298204.05,12272500890.0,12195748890.0
2018-12-19,'002242,九阳股份,15.9,16.18,15.8,15.88,16.13,-0.23,-1.4259,0.4324,3298171,52830194.97,12203424900.0,12127104900.0
2018-12-18,'002242,九阳股份,16.13,16.3,15.57,16.07,16.23,-0.1,-0.6161,0.623,4751914,75728207.91,12379952430.0,12302528430.0
2018-12-17,'002242,九阳股份,16.23,16.36,15.7,15.76,15.65,0.58,3.7061,0.864,6589871,105962058.32,12456703530.0,12378799530.0
2018-12-14,'002242,九阳股份,15.65,15.98,15.62,15.62,15.77,-0.12,-0.7609,0.7285,5556082,87780506.46,12011547150.0,11936427150.0
2018-12-13,'002242,九阳股份,15.77,15.85,15.2,15.2,15.24,0.53,3.4777,0.6797,5183881,81205302.74,12103648470.0,12027952470.0
2018-12-12,'002242,九阳股份,15.24,15.42,15.0,15.04,15.04,0.2,1.3298,0.6354,4846495,73996724.06,11696867640.0,11623715640.0
2018-12-11,'002242,九阳股份,15.04,15.08,14.62,14.62,14.6,0.44,3.0137,0.4849,3698661,55109446.38,11543365440.0,11471173440.0
2018-12-10,'002242,九阳股份,14.6,14.99,14.56,14.76,14.66,-0.06,-0.4093,0.4269,3255743,48071318.25,11205660600.0,11135580600.0
2018-12-07,'002242,九阳股份,14.66,14.84,14.65,14.71,14.68,-0.02,-0.1362,0.2205,1681473,24776767.75,11251711260.0,11181343260.0
2018-12-06,'002242,九阳股份,14.68,14.92,14.6,14.75,14.84,-0.16,-1.0782,0.284,2166222,32007644.99,11267061480.0,11196597480.0
2018-12-05,'002242,九阳股份,14.84,14.92,14.61,14.82,14.82,0.02,0.135,0.4507,3437611,50953168.93,11389863240.0,11318631240.0
2018-12-04,'002242,九阳股份,14.82,14.89,14.46,14.46,14.58,0.24,1.6461,0.3705,2825753,41637004.01,11374513020.0,11303377020.0
2018-12-03,'002242,九阳股份,14.58,14.67,14.36,14.46,14.14,0.44,3.1117,0.5606,4275620,62188816.14,11190310380.0,11120326380.0
2018-11-30,'002242,九阳股份,14.14,14.16,13.98,14.03,14.02,0.12,0.8559,0.291,2219750,31235543.18,10852605540.0,10784733540.0
2018-11-29,'002242,九阳股份,14.02,14.39,14.01,14.33,14.3,-0.28,-1.958,0.4233,3228414,45805514.59,10760504220.0,10693208220.0
2018-11-28,'002242,九阳股份,14.3,14.34,14.14,14.28,14.25,0.05,0.3509,0.2642,2014963,28696918.28,10975407300.0,10906767300.0
2018-11-27,'002242,九阳股份,14.25,14.44,14.19,14.26,14.2,0.05,0.3521,0.1892,1442989,20621107.55,10937031750.0,10868631750.0
2018-11-26,'002242,九阳股份,14.2,14.49,14.16,14.39,14.39,-0.19,-1.3204,0.1988,1516159,21709502.27,10898656200.0,10830496200.0
2018-11-23,'002242,九阳股份,14.39,14.72,14.18,14.68,14.67,-0.28,-1.9087,0.286,2181717,31461701.67,11044483290.0,10975411290.0
2018-11-22,'002242,九阳股份,14.67,14.77,14.61,14.76,14.75,-0.08,-0.5424,0.2246,1712906,25111714.98,11259386370.0,11188970370.0
2018-11-21,'002242,九阳股份,14.75,14.8,14.52,14.69,14.8,-0.05,-0.3378,0.3322,2533450,37114722.3,11320787250.0,11249987250.0
2018-11-20,'002242,九阳股份,14.8,14.95,14.71,14.71,14.87,-0.07,-0.4707,0.6161,4699213,69638716.09,11359162800.0,11288122800.0
2018-11-19,'002242,九阳股份,14.87,14.88,14.55,14.69,14.61,0.26,1.7796,0.6141,4683967,69129392.19,11412888570.0,11341512570.0
2018-11-16,'002242,九阳股份,14.61,14.79,14.46,14.75,14.69,-0.08,-0.5446,0.5405,4122699,60388478.06,11213335710.0,11143207710.0
2018-11-15,'002242,九阳股份,14.69,14.7,14.42,14.42,14.57,0.12,0.8236,0.3175,2421500,35362911.87,11274736590.0,11204224590.0
2018-11-14,'002242,九阳股份,14.57,14.74,14.45,14.55,14.57,0.0,0.0,0.3841,2929624,42730171.47,11182635270.0,11112699270.0
2018-11-13,'002242,九阳股份,14.57,14.72,14.26,14.31,14.47,0.1,0.6911,0.5766,4397818,64014548.17,11182635270.0,11112699270.0
2018-11-12,'002242,九阳股份,14.47,14.56,13.85,13.97,13.91,0.56,4.0259,0.6075,4633527,66114332.39,11105884170.0,11036428170.0
2018-11-09,'002242,九阳股份,13.91,14.03,13.69,14.02,14.02,-0.11,-0.7846,0.3854,2939249,40756473.8,10676078010.0,10609310010.0
2018-11-08,'002242,九阳股份,14.02,14.36,13.98,14.34,14.21,-0.19,-1.3371,0.5089,3881696,54798259.96,10760504220.0,10693208220.0
2018-11-07,'002242,九阳股份,14.21,14.49,14.2,14.27,14.41,-0.2,-1.3879,0.5617,4284401,61437185.36,10906331310.0,10838123310.0
2018-11-06,'002242,九阳股份,14.41,14.52,14.05,14.43,14.47,-0.06,-0.4147,0.6535,4984476,71001562.61,11059833510.0,10990665510.0
2018-11-05,'002242,九阳股份,14.47,14.52,14.29,14.45,14.61,-0.14,-0.9582,0.6799,5185626,74633988.32,11105884170.0,11036428170.0
2018-11-02,'002242,九阳股份,14.61,14.78,14.23,14.59,14.32,0.29,2.0251,0.9525,7264630,104993343.49,11213335710.0,11143207710.0
2018-11-01,'002242,九阳股份,14.32,14.56,14.3,14.35,14.18,0.14,0.9873,0.529,4034412,58283047.96,10990757520.0,10922021520.0
2018-10-31,'002242,九阳股份,14.18,14.3,13.85,13.99,13.96,0.22,1.5759,0.3997,3048849,43197596.31,10883305980.0,10815241980.0
2018-10-30,'002242,九阳股份,13.96,14.06,13.53,13.84,13.78,0.18,1.3062,0.267,2036649,28182109.4,10714453560.0,10647445560.0
2018-10-29,'002242,九阳股份,13.78,14.2,13.53,14.2,14.17,-0.39,-2.7523,0.3638,2774984,38458723.09,10576301580.0,10510157580.0
2018-10-26,'002242,九阳股份,14.17,14.43,14.07,14.32,14.3,-0.13,-0.9091,0.2805,2139206,30450317.22,10875630870.0,10807614870.0
2018-10-25,'002242,九阳股份,14.3,14.39,14.03,14.16,14.48,-0.18,-1.2431,0.3768,2873905,40740484.27,10975407300.0,10906767300.0
2018-10-24,'002242,九阳股份,14.48,14.84,14.26,14.39,14.26,0.22,1.5428,0.3682,2808552,40565575.95,11113559280.0,11044055280.0
2018-10-23,'002242,九阳股份,14.26,14.6,14.15,14.6,14.6,-0.34,-2.3288,0.3482,2655545,38199685.93,10944706860.0,10876258860.0
2018-10-22,'002242,九阳股份,14.6,14.75,14.15,14.23,14.01,0.59,4.2113,0.7307,5572934,80820650.56,11205660600.0,11135580600.0
2018-10-19,'002242,九阳股份,14.01,14.01,13.5,13.6,13.7,0.31,2.2628,0.3453,2633533,36301864.01,10752829110.0,10685581110.0
2018-10-18,'002242,九阳股份,13.7,13.93,13.6,13.93,13.95,-0.25,-1.7921,0.2095,1597915,22005513.53,10514900700.0,10449140700.0
2018-10-17,'002242,九阳股份,13.95,14.28,13.58,14.1,13.98,-0.03,-0.2146,0.3335,2543710,35434910.49,10706778450.0,10639818450.0
2018-10-16,'002242,九阳股份,13.98,14.18,13.8,13.95,13.98,0.0,0.0,0.2855,2177241,30396025.63,10729803780.0,10662699780.0
2018-10-15,'002242,九阳股份,13.98,14.3,13.97,14.25,14.18,-0.2,-1.4104,0.1345,1025615,14502775.87,10729803780.0,10662699780.0
2018-10-12,'002242,九阳股份,14.18,14.22,13.66,13.72,13.96,0.22,1.5759,0.374,2852749,40096536.7,10883305980.0,10815241980.0
2018-10-11,'002242,九阳股份,13.96,15.1,13.89,15.1,15.37,-1.41,-9.1737,0.7665,5845964,83363753.86,10714453560.0,10647445560.0
2018-10-10,'002242,九阳股份,15.37,15.59,15.27,15.5,15.47,-0.1,-0.6464,0.2928,2233528,34411296.99,11796644070.0,11722868070.0
2018-10-09,'002242,九阳股份,15.47,15.86,15.4,15.68,15.73,-0.26,-1.6529,0.3018,2302141,35918957.01,11873395170.0,11799139170.0
2018-10-08,'002242,九阳股份,15.73,16.21,15.66,16.14,16.28,-0.55,-3.3784,0.2858,2180100,34706909.37,12072948030.0,11997444030.0
2018-09-28,'002242,九阳股份,16.28,16.4,16.18,16.18,16.16,0.12,0.7426,0.275,2097541,34176812.24,12495079080.0,12416935080.0
2018-09-27,'002242,九阳股份,16.16,16.43,16.15,16.35,16.34,-0.18,-1.1016,0.1774,1353188,22008062.39,12402977760.0,12325409760.0
2018-09-26,'002242,九阳股份,16.34,16.5,16.24,16.4,16.34,0.0,0.0,0.2349,1791525,29366308.01,12541129740.0,12462697740.0
2018-09-25,'002242,九阳股份,16.34,16.43,16.09,16.3,16.3,0.04,0.2454,0.2708,2065451,33653968.75,12541129740.0,12462697740.0
2018-09-21,'002242,九阳股份,16.3,16.3,15.78,15.78,15.76,0.54,3.4264,0.3525,2688600,43315277.59,12510429300.0,12432189300.0
2018-09-20,'002242,九阳股份,15.76,15.92,15.69,15.85,15.88,-0.12,-0.7557,0.137,1044700,16509332.0,12095973360.0,12020325360.0
2018-09-19,'002242,九阳股份,15.88,15.98,15.69,15.79,15.8,0.08,0.5063,0.1828,1394201,22133659.62,12188074680.0,12111850680.0
2018-09-18,'002242,九阳股份,15.8,15.86,15.5,15.53,15.69,0.11,0.7011,0.2078,1584821,24805329.26,12126673800.0,12050833800.0
2018-09-17,'002242,九阳股份,15.69,16.05,15.41,16.05,16.06,-0.37,-2.3039,0.3261,2487469,38863127.16,12042247590.0,11966935590.0
2018-09-14,'002242,九阳股份,16.06,16.28,16.01,16.28,16.26,-0.2,-1.23,0.1874,1429174,23012154.74,12326226660.0,12249138660.0
2018-09-13,'002242,九阳股份,16.26,16.31,16.08,16.27,16.13,0.13,0.806,0.136,1037523,16798862.49,12479728860.0,12401680860.0
2018-09-12,'002242,九阳股份,16.13,16.32,16.08,16.13,16.22,-0.09,-0.5549,0.2541,1937921,31304232.05,12379952430.0,12302528430.0
2018-09-11,'002242,九阳股份,16.22,16.37,16.09,16.21,16.12,0.1,0.6203,0.2077,1583844,25646427.6,12449028420.0,12371172420.0
2018-09-10,'002242,九阳股份,16.12,16.44,16.1,16.44,16.44,-0.32,-1.9465,0.2336,1781780,28903842.81,12372277320.0,12294901320.0
2018-09-07,'002242,九阳股份,16.44,16.94,16.37,16.85,16.81,-0.37,-2.2011,0.4063,3098704,51611300.14,12617880840.0,12538968840.0
2018-09-06,'002242,九阳股份,16.81,16.88,16.6,16.72,16.71,0.1,0.5984,0.1865,1422176,23754603.98,12901859910.0,12821171910.0
2018-09-05,'002242,九阳股份,16.71,16.95,16.67,16.88,16.88,-0.17,-1.0071,0.2188,1668777,27976676.88,12825108810.0,12744900810.0
2018-09-04,'002242,九阳股份,16.88,17.08,16.76,17.01,17.01,-0.13,-0.7643,0.2486,1896108,32094249.39,12955585680.0,12874561680.0
2018-09-03,'002242,九阳股份,17.01,17.14,16.47,16.53,16.53,0.48,2.9038,0.3464,2641698,44433466.82,13055362110.0,12973714110.0
2018-08-31,'002242,九阳股份,16.53,16.85,16.52,16.71,16.84,-0.31,-1.8409,0.2843,2168026,36106743.81,12686956830.0,12607612830.0
2018-08-30,'002242,九阳股份,16.84,17.0,16.65,16.88,16.87,-0.03,-0.1778,0.2348,1791001,30153248.71,12924885240.0,12844053240.0
2018-08-29,'002242,九阳股份,16.87,16.94,16.73,16.73,16.78,0.09,0.5364,0.2883,2198539,37105060.15,12947910570.0,12866934570.0
2018-08-28,'002242,九阳股份,16.78,16.9,16.68,16.72,16.69,0.09,0.5392,0.2525,1926187,32377615.6,12878834580.0,12798290580.0
2018-08-27,'002242,九阳股份,16.69,16.73,16.33,16.33,16.38,0.31,1.8926,0.2895,2208314,36716801.69,12809758590.0,12729646590.0
2018-08-24,'002242,九阳股份,16.38,16.65,16.27,16.42,16.46,-0.08,-0.486,0.3571,2723303,44711812.56,12571830180.0,12493206180.0
2018-08-23,'002242,九阳股份,16.46,16.69,16.35,16.4,16.62,-0.16,-0.9627,0.2591,1975887,32671069.44,12633231060.0,12554223060.0
2018-08-22,'002242,九阳股份,16.62,16.7,16.33,16.33,16.47,0.15,0.9107,0.3093,2359118,39147241.19,12756032820.0,12676256820.0
2018-08-21,'002242,九阳股份,16.47,16.54,16.23,16.34,16.28,0.19,1.1671,0.2415,1842100,30258403.67,12640906170.0,12561850170.0
2018-08-20,'002242,九阳股份,16.28,16.3,16.01,16.01,16.06,0.22,1.3699,0.2825,2154332,34836448.56,12495079080.0,12416935080.0
2018-08-17,'002242,九阳股份,16.06,16.51,16.06,16.41,16.3,-0.24,-1.4724,0.2333,1779764,28860499.6,12326226660.0,12249138660.0
2018-08-16,'002242,九阳股份,16.3,16.55,16.18,16.32,16.45,-0.15,-0.9119,0.1976,1506771,24644094.46,12510429300.0,12432189300.0
2018-08-15,'002242,九阳股份,16.45,16.68,16.31,16.53,16.69,-0.24,-1.438,0.2121,1617392,26634656.04,12625555950.0,12546595950.0
2018-08-14,'002242,九阳股份,16.69,16.8,16.52,16.78,16.81,-0.12,-0.7139,0.2296,1751393,29162185.77,12809758590.0,12729646590.0
2018-08-13,'002242,九阳股份,16.81,16.92,16.22,16.27,16.45,0.36,2.1884,0.4972,3792188,63019361.83,12901859910.0,12821171910.0
2018-08-10,'002242,九阳股份,16.45,16.45,16.17,16.3,16.31,0.14,0.8584,0.2841,2166698,35320596.0,12625555950.0,12546595950.0
2018-08-09,'002242,九阳股份,16.31,16.45,16.0,16.06,16.11,0.2,1.2415,0.2722,2076108,33881255.84,12518104410.0,12439816410.0
2018-08-08,'002242,九阳股份,16.11,16.51,16.11,16.5,16.51,-0.4,-2.4228,0.3475,2650695,43261443.38,12364602210.0,12287274210.0
2018-08-07,'002242,九阳股份,16.51,16.54,16.07,16.25,16.27,0.24,1.4751,0.5135,3916545,63930630.08,12671606610.0,12592358610.0
2018-08-06,'002242,九阳股份,16.27,16.81,16.04,16.61,16.7,-0.43,-2.5749,0.6328,4826148,79167441.81,12487403970.0,12409307970.0
2018-08-03,'002242,九阳股份,16.7,17.14,16.66,16.8,16.8,-0.1,-0.5952,0.5092,3883635,65523776.63,12817433700.0,12737273700.0
2018-08-02,'002242,九阳股份,16.8,17.18,16.6,17.11,17.22,-0.42,-2.439,0.5792,4417839,74565629.93,12894184800.0,12813544800.0
2018-08-01,'002242,九阳股份,17.22,17.61,17.1,17.6,17.53,-0.31,-1.7684,0.5508,4201334,72716536.59,13216539420.0,13133883420.0
2018-07-31,'002242,九阳股份,17.53,17.68,17.3,17.45,17.53,0.0,0.0,0.4465,3405234,59547854.51,13454467830.0,13370323830.0
2018-07-30,'002242,九阳股份,17.53,17.67,17.29,17.62,17.5,0.03,0.1714,0.5024,3831996,66940616.33,13454467830.0,13370323830.0
2018-07-27,'002242,九阳股份,17.5,17.94,17.4,17.9,17.8,-0.3,-1.6854,0.5515,4206011,74281781.84,13431442500.0,13347442500.0
2018-07-26,'002242,九阳股份,17.8,18.3,17.75,18.24,18.24,-0.44,-2.4123,0.7764,5922066,106411428.31,13661695800.0,13576255800.0
2018-07-25,'002242,九阳股份,18.24,18.36,17.8,17.9,17.97,0.27,1.5025,1.0041,7658707,138855172.38,13999400640.0,13911848640.0
2018-07-24,'002242,九阳股份,17.97,18.12,17.43,17.49,17.62,0.35,1.9864,0.9357,7136884,127377008.65,13792172670.0,13705916670.0
2018-07-23,'002242,九阳股份,17.62,17.65,17.39,17.59,17.68,-0.06,-0.3394,0.4201,3204508,56121239.89,13523543820.0,13438967820.0
2018-07-20,'002242,九阳股份,17.68,17.78,17.43,17.59,17.65,0.03,0.17,0.571,4355025,76868932.8,13569594480.0,13484730480.0
2018-07-19,'002242,九阳股份,17.65,17.66,17.26,17.38,17.38,0.27,1.5535,0.4747,3620241,63290366.66,13546569150.0,13461849150.0
2018-07-18,'002242,九阳股份,17.38,17.73,17.38,17.54,17.64,-0.26,-1.4739,0.4596,3505107,61416690.05,13339341180.0,13255917180.0
2018-07-17,'002242,九阳股份,17.64,17.65,17.12,17.22,17.25,0.39,2.2609,0.7552,5759699,100799400.66,13538894040.0,13454222040.0
2018-07-16,'002242,九阳股份,17.25,17.39,17.07,17.31,17.23,0.02,0.1161,0.3179,2424979,41735704.24,13239564750.0,13156764750.0
2018-07-13,'002242,九阳股份,17.23,17.3,17.09,17.22,17.22,0.01,0.0581,0.3245,2475038,42605676.57,13224214530.0,13141510530.0
2018-07-12,'002242,九阳股份,17.22,17.27,16.79,16.79,16.79,0.43,2.561,0.4613,3518579,60202697.8,13216539420.0,13133883420.0
2018-07-11,'002242,九阳股份,16.79,16.89,16.54,16.85,17.08,-0.29,-1.6979,0.3191,2434000,40750010.08,12886509690.0,12805917690.0
2018-07-10,'002242,九阳股份,17.08,17.14,16.8,17.03,17.03,0.05,0.2936,0.3344,2550241,43357237.93,13109087880.0,13027103880.0
2018-07-09,'002242,九阳股份,17.03,17.05,16.8,16.9,16.75,0.28,1.6716,0.317,2417640,40912385.2,13070712330.0,12988968330.0
2018-07-06,'002242,九阳股份,16.75,17.05,16.66,16.79,16.88,-0.13,-0.7701,0.3839,2928202,49324446.91,12855809250.0,12775409250.0
2018-07-05,'002242,九阳股份,16.88,16.95,16.42,16.7,16.73,0.15,0.8966,0.5605,4274676,71426682.71,12955585680.0,12874561680.0
2018-07-04,'002242,九阳股份,16.73,17.15,16.6,17.15,17.24,-0.51,-2.9582,0.6642,5065689,85055556.22,12840459030.0,12760155030.0
2018-07-03,'002242,九阳股份,17.24,17.35,16.88,17.21,17.34,-0.1,-0.5767,0.7257,5535125,94706336.2,13231889640.0,13149137640.0
2018-07-02,'002242,九阳股份,17.34,17.79,17.21,17.56,17.69,-0.35,-1.9785,0.6541,5020218,87860794.26,13308640740.0,13308640740.0
2018-06-29,'002242,九阳股份,17.69,17.7,16.8,17.3,17.3,0.39,2.2543,1.1642,8935198,154753324.7,13577269590.0,13577269590.0
2018-06-28,'002242,九阳股份,17.3,17.6,17.13,17.25,17.32,-0.02,-0.1155,0.7125,5468488,95168256.1,13277940300.0,13277940300.0
2018-06-27,'002242,九阳股份,17.32,17.78,17.16,17.44,17.48,-0.16,-0.9153,0.8257,6337675,110631855.17,13293290520.0,13293290520.0
2018-06-26,'002242,九阳股份,17.48,17.48,16.62,16.79,16.9,0.58,3.432,0.8393,6441991,110552339.0,13416092280.0,13416092280.0
2018-06-25,'002242,九阳股份,16.9,17.36,16.83,17.12,17.07,-0.17,-0.9959,0.5196,3988357,68145308.98,12970935900.0,12970935900.0
2018-06-22,'002242,九阳股份,17.07,17.16,16.41,16.61,16.65,0.42,2.5225,0.5032,3862435,65521848.87,13101412770.0,13101412770.0
2018-06-21,'002242,九阳股份,16.65,17.23,16.65,16.99,17.0,-0.35,-2.0588,0.5677,4356908,74119754.59,12779058150.0,12779058150.0
2018-06-20,'002242,九阳股份,17.0,17.02,16.22,16.39,16.51,0.49,2.9679,0.5672,4353567,72734486.36,13047687000.0,13047687000.0
2018-06-19,'002242,九阳股份,16.51,17.35,16.1,16.83,17.08,-0.57,-3.3372,0.9931,7621978,127894368.23,12671606610.0,12671606610.0
2018-06-15,'002242,九阳股份,17.08,17.4,16.63,17.21,17.28,-0.2,-1.1574,0.6728,5163850,88037652.01,13109087880.0,13109087880.0
2018-06-14,'002242,九阳股份,17.28,17.37,17.0,17.16,17.15,0.13,0.758,0.4957,3804252,65522069.23,13262590080.0,13262590080.0
2018-06-13,'002242,九阳股份,17.15,17.58,17.1,17.37,17.48,-0.33,-1.8879,0.575,4413415,76502588.17,13162813650.0,13162813650.0
2018-06-12,'002242,九阳股份,17.48,17.56,16.97,17.15,17.27,0.21,1.216,1.0621,8151894,141241839.13,13416092280.0,13416092280.0
2018-06-11,'002242,九阳股份,17.27,17.3,16.71,16.8,16.81,0.46,2.7365,1.0107,7757528,132505602.89,13254914970.0,13254914970.0
2018-06-08,'002242,九阳股份,16.81,16.89,16.59,16.62,16.7,0.11,0.6587,0.4116,3158876,52863304.18,12901859910.0,12901859910.0
2018-06-07,'002242,九阳股份,16.7,16.96,16.7,16.81,16.81,-0.11,-0.6544,0.408,3131637,52779272.56,12817433700.0,12817433700.0
2018-06-06,'002242,九阳股份,16.81,17.07,16.64,16.98,17.06,-0.25,-1.4654,0.4391,3370266,56585861.17,12901859910.0,12901859910.0
2018-06-05,'002242,九阳股份,17.06,17.08,16.72,16.96,16.94,0.12,0.7084,0.4595,3526729,59670553.65,13093737660.0,13093737660.0
2018-06-04,'002242,九阳股份,16.94,17.1,16.53,16.69,16.61,0.33,1.9868,0.7337,5630966,95445510.19,13001636340.0,13001636340.0
2018-06-01,'002242,九阳股份,16.61,16.88,16.48,16.68,16.73,-0.12,-0.7173,0.534,4098807,68402176.09,12748357710.0,12748357710.0
2018-05-31,'002242,九阳股份,16.73,16.8,16.12,16.24,16.09,0.64,3.9776,0.757,5810065,96467880.73,12840459030.0,12840459030.0
2018-05-30,'002242,九阳股份,16.09,16.3,15.86,16.06,16.18,-0.09,-0.5562,0.3686,2829421,45663705.28,12349251990.0,12349251990.0
2018-05-29,'002242,九阳股份,16.18,16.38,16.01,16.13,16.15,0.03,0.1858,0.507,3891391,62916623.65,12418327980.0,12418327980.0
2018-05-28,'002242,九阳股份,16.15,16.26,15.6,16.0,16.11,0.04,0.2483,0.6332,4859532,78018486.62,12395302650.0,12395302650.0
2018-05-25,'002242,九阳股份,16.81,16.85,16.5,16.8,16.85,-0.04,-0.2374,0.5038,3866519,64527544.64,12901859910.0,12901859910.0
2018-05-24,'002242,九阳股份,16.85,17.09,16.8,16.93,16.92,-0.07,-0.4137,0.3352,2572998,43517481.06,12932560350.0,12932560350.0
2018-05-23,'002242,九阳股份,16.92,17.2,16.85,17.13,17.21,-0.29,-1.6851,0.4271,3277921,55697896.85,12986286120.0,12986286120.0
2018-05-22,'002242,九阳股份,17.21,17.26,17.04,17.18,17.17,0.04,0.233,0.5085,3902799,66936174.02,13208864310.0,13208864310.0
2018-05-21,'002242,九阳股份,17.17,17.26,16.93,16.99,16.84,0.33,1.9596,0.6609,5072258,86880178.76,13178163870.0,13178163870.0
2018-05-18,'002242,九阳股份,16.84,16.86,16.21,16.28,16.3,0.54,3.3129,0.9098,6982946,115883054.46,12924885240.0,12924885240.0
2018-05-17,'002242,九阳股份,16.3,16.87,16.14,16.79,16.79,-0.49,-2.9184,1.111,8527141,140219178.97,12510429300.0,12510429300.0
2018-05-16,'002242,九阳股份,16.79,17.21,16.6,17.17,17.15,-0.36,-2.0991,0.948,7276129,122460711.48,12886509690.0,12886509690.0
2018-05-15,'002242,九阳股份,17.15,17.33,17.06,17.12,17.13,0.02,0.1168,0.3163,2427372,41606520.13,13162813650.0,13162813650.0
2018-05-14,'002242,九阳股份,17.13,17.29,17.02,17.23,17.15,-0.02,-0.1166,0.2111,1619991,27801031.88,13147463430.0,13147463430.0
2018-05-11,'002242,九阳股份,17.15,17.49,17.1,17.42,17.42,-0.27,-1.5499,0.2865,2198968,37849644.16,13162813650.0,13162813650.0
2018-05-10,'002242,九阳股份,17.42,17.54,17.27,17.43,17.46,-0.04,-0.2291,0.2276,1746819,30356689.78,13370041620.0,13370041620.0
2018-05-09,'002242,九阳股份,17.46,17.6,17.41,17.6,17.55,-0.09,-0.5128,0.3134,2405509,42120791.55,13400742060.0,13400742060.0
2018-05-08,'002242,九阳股份,17.55,17.67,17.37,17.45,17.39,0.16,0.9201,0.6138,4711173,82776631.76,13469818050.0,13469818050.0
2018-05-07,'002242,九阳股份,17.39,17.59,17.3,17.39,17.39,0.0,0.0,0.5399,4143496,72408325.7,13347016290.0,13347016290.0
2018-05-04,'002242,九阳股份,17.39,17.58,17.2,17.35,17.35,0.04,0.2305,0.4622,3547116,61897986.74,13347016290.0,13347016290.0
2018-05-03,'002242,九阳股份,17.35,17.41,16.95,17.16,17.15,0.2,1.1662,0.4899,3760108,64735324.33,13316315850.0,13316315850.0
2018-05-02,'002242,九阳股份,17.15,17.16,16.93,17.04,17.0,0.15,0.8824,0.4744,3641011,62223108.91,13162813650.0,13162813650.0
2018-04-27,'002242,九阳股份,17.0,17.03,16.65,16.9,16.87,0.13,0.7706,0.1443,1107521,18674353.34,13047687000.0,13047687000.0
2018-04-26,'002242,九阳股份,16.87,17.0,16.77,17.0,17.03,-0.16,-0.9395,0.168,1289550,21776808.62,12947910570.0,12947910570.0
2018-04-25,'002242,九阳股份,17.03,17.18,16.99,17.15,17.18,-0.15,-0.8731,0.143,1097754,18746419.7,13070712330.0,13070712330.0
2018-04-24,'002242,九阳股份,17.18,17.19,16.76,16.76,16.76,0.42,2.506,0.2144,1645188,28073881.49,13185838980.0,13185838980.0
2018-04-23,'002242,九阳股份,16.76,17.09,16.64,17.05,16.85,-0.09,-0.5341,0.1866,1432280,24091777.01,12863484360.0,12863484360.0
2018-04-20,'002242,九阳股份,16.85,17.19,16.75,17.18,17.19,-0.34,-1.9779,0.2852,2188709,37154423.12,12932560350.0,12932560350.0
2018-04-19,'002242,九阳股份,17.19,17.2,16.85,16.96,17.0,0.19,1.1176,0.3781,2901660,49535890.16,13193514090.0,13193514090.0
2018-04-18,'002242,九阳股份,17.0,17.0,16.59,16.7,16.6,0.4,2.4096,0.3009,2309368,38806059.09,13047687000.0,13047687000.0
2018-04-17,'002242,九阳股份,16.6,16.9,16.49,16.69,16.77,-0.17,-1.0137,0.3003,2304972,38369813.83,12740682600.0,12740682600.0
2018-04-16,'002242,九阳股份,16.77,16.92,16.7,16.78,16.84,-0.07,-0.4157,0.2682,2058166,34579202.8,12871159470.0,12871159470.0
2018-04-13,'002242,九阳股份,16.84,17.29,16.68,17.15,17.13,-0.29,-1.6929,0.5094,3909656,66059343.37,12924885240.0,12924885240.0
2018-04-12,'002242,九阳股份,17.13,17.69,17.06,17.69,17.73,-0.6,-3.3841,0.5548,4258214,73595143.36,13147463430.0,13147463430.0
2018-04-11,'002242,九阳股份,17.73,17.75,17.49,17.49,17.43,0.3,1.7212,0.2807,2154108,38005580.67,13607970030.0,13607970030.0
2018-04-10,'002242,九阳股份,17.43,17.87,17.36,17.87,17.79,-0.36,-2.0236,0.3602,2764880,48357701.96,13377716730.0,13377716730.0
2018-04-09,'002242,九阳股份,17.79,17.95,17.51,17.52,17.5,0.29,1.6571,0.3291,2525890,44922948.39,13654020690.0,13654020690.0
2018-04-04,'002242,九阳股份,17.5,18.17,17.5,17.86,17.87,-0.37,-2.0705,0.3268,2508442,44567445.98,13431442500.0,13431442500.0
2018-04-03,'002242,九阳股份,17.87,17.99,17.73,17.99,17.9,-0.03,-0.1676,0.3619,2777571,49625846.98,13715421570.0,13715421570.0
2018-04-02,'002242,九阳股份,17.9,18.25,17.66,17.94,18.02,-0.12,-0.6659,0.6515,5000620,89799212.08,13738446900.0,13738446900.0
2018-03-30,'002242,九阳股份,18.02,18.24,17.63,17.9,17.84,0.18,1.009,0.8918,6844369,123344194.8,13830548220.0,13830548220.0
2018-03-29,'002242,九阳股份,17.84,18.06,17.33,17.33,17.32,0.52,3.0023,0.9745,7479592,132767859.31,13692396240.0,13692396240.0
2018-03-28,'002242,九阳股份,17.32,17.58,16.99,17.02,17.17,0.15,0.8736,0.747,5733673,99481271.24,13293290520.0,13293290520.0
2018-03-27,'002242,九阳股份,17.17,17.32,16.52,16.7,16.48,0.69,4.1869,0.7817,5999906,102515304.96,13178163870.0,13178163870.0
2018-03-26,'002242,九阳股份,16.48,16.49,15.82,16.12,16.18,0.3,1.8541,0.2506,1923558,31190564.82,12648581280.0,12648581280.0
2018-03-23,'002242,九阳股份,16.18,16.95,16.02,16.56,17.18,-1.0,-5.8207,0.5632,4322658,71233537.34,12418327980.0,12418327980.0
2018-03-22,'002242,九阳股份,17.18,17.47,17.15,17.36,17.31,-0.13,-0.751,0.2889,2217100,38240449.01,13185838980.0,13185838980.0
2018-03-21,'002242,九阳股份,17.31,17.71,17.21,17.68,17.63,-0.32,-1.8151,0.3191,2449254,42854980.9,13285615410.0,13285615410.0
2018-03-20,'002242,九阳股份,17.63,17.79,17.45,17.73,17.8,-0.17,-0.9551,0.2773,2128328,37479617.0,13531218930.0,13531218930.0
2018-03-19,'002242,九阳股份,17.8,17.92,17.59,17.59,17.59,0.21,1.1939,0.3689,2831603,50364129.69,13661695800.0,13661695800.0
2018-03-16,'002242,九阳股份,17.59,17.82,17.42,17.43,17.41,0.18,1.0339,0.361,2770743,48907214.03,13500518490.0,13500518490.0
2018-03-15,'002242,九阳股份,17.41,17.49,17.22,17.34,17.36,0.05,0.288,0.2217,1701500,29561366.66,13362366510.0,13362366510.0
2018-03-14,'002242,九阳股份,17.36,17.72,17.36,17.67,17.66,-0.3,-1.6988,0.3059,2347448,41123375.85,13323990960.0,13323990960.0
2018-03-13,'002242,九阳股份,17.66,17.84,17.5,17.53,17.54,0.12,0.6842,0.516,3960608,70209705.42,13554244260.0,13554244260.0
2018-03-12,'002242,九阳股份,17.54,17.7,17.46,17.65,17.56,-0.02,-0.1139,0.359,2755017,48370857.71,13462142940.0,13462142940.0
2018-03-09,'002242,九阳股份,17.56,17.64,17.3,17.55,17.5,0.06,0.3429,0.3958,3037786,53094931.93,13477493160.0,13477493160.0
2018-03-08,'002242,九阳股份,17.5,17.54,17.2,17.31,17.32,0.18,1.0393,0.1978,1517871,26456887.92,13431442500.0,13431442500.0
2018-03-07,'002242,九阳股份,17.32,17.52,17.11,17.23,17.25,0.07,0.4058,0.3899,2992214,52153877.68,13293290520.0,13293290520.0
2018-03-06,'002242,九阳股份,17.25,17.3,16.87,16.89,16.89,0.36,2.1314,0.2936,2253275,38503112.03,13239564750.0,13239564750.0
2018-03-05,'002242,九阳股份,16.89,17.39,16.8,17.17,17.15,-0.26,-1.516,0.2979,2286605,38865261.12,12963260790.0,12963260790.0
2018-03-02,'002242,九阳股份,17.15,17.36,17.15,17.36,17.47,-0.32,-1.8317,0.2695,2068144,35680807.76,13162813650.0,13162813650.0
2018-03-01,'002242,九阳股份,17.47,17.82,17.02,17.24,17.25,0.22,1.2754,0.518,3975401,69235743.37,13408417170.0,13408417170.0
2018-02-28,'002242,九阳股份,17.25,17.58,17.0,17.58,17.58,-0.33,-1.8771,0.3777,2899138,49894604.98,13239564750.0,13239564750.0
2018-02-27,'002242,九阳股份,17.58,17.82,17.47,17.8,17.8,-0.22,-1.236,0.3007,2307670,40613939.3,13492843380.0,13492843380.0
2018-02-26,'002242,九阳股份,17.8,17.85,17.66,17.72,17.71,0.09,0.5082,0.3197,2453406,43587770.42,13661695800.0,13661695800.0
2018-02-23,'002242,九阳股份,17.71,17.84,17.56,17.58,17.71,0.0,0.0,0.3337,2561300,45334584.96,13592619810.0,13592619810.0
2018-02-22,'002242,九阳股份,17.71,17.8,17.54,17.54,17.43,0.28,1.6064,0.2945,2260293,39897662.51,13592619810.0,13592619810.0
2018-02-14,'002242,九阳股份,17.43,17.52,16.75,16.87,16.95,0.48,2.8319,0.4654,3571877,61743154.37,13377716730.0,13377716730.0
2018-02-13,'002242,九阳股份,16.95,17.01,16.16,16.28,16.23,0.72,4.4362,0.6743,5175390,86187863.65,13009311450.0,13009311450.0
2018-02-12,'002242,九阳股份,16.23,16.32,16.0,16.0,15.98,0.25,1.5645,0.2512,1927814,31187513.97,12456703530.0,12456703530.0
2018-02-09,'002242,九阳股份,15.98,16.65,15.8,16.65,16.78,-0.8,-4.7676,0.6454,4953481,80289276.31,12264825780.0,12264825780.0
2018-02-08,'002242,九阳股份,16.78,16.95,16.6,16.74,16.73,0.05,0.2989,0.2733,2097343,35286371.41,12878834580.0,12878834580.0
2018-02-07,'002242,九阳股份,16.73,17.08,16.5,17.0,16.67,0.06,0.3599,0.4366,3351329,56220301.21,12840459030.0,12840459030.0
2018-02-06,'002242,九阳股份,16.67,17.23,16.66,17.15,17.44,-0.77,-4.4151,0.7572,5811868,98639887.06,12794408370.0,12794408370.0
2018-02-05,'002242,九阳股份,17.44,17.54,17.35,17.4,17.58,-0.14,-0.7964,0.3473,2665759,46444508.29,13385391840.0,13385391840.0
2018-02-02,'002242,九阳股份,17.58,17.79,17.27,17.61,17.59,-0.01,-0.0569,0.3229,2478243,43588502.4,13492843380.0,13492843380.0
2018-02-01,'002242,九阳股份,17.59,18.24,17.28,18.13,18.14,-0.55,-3.032,0.7262,5574037,99141351.65,13500518490.0,13500518490.0
2018-01-31,'002242,九阳股份,18.14,18.68,18.14,18.48,18.49,-0.35,-1.8929,0.9201,7061936,130088925.55,13922649540.0,13922649540.0
2018-01-30,'002242,九阳股份,18.49,18.57,18.21,18.25,18.27,0.22,1.2042,0.5367,4119220,75782120.27,14191278390.0,14191278390.0
2018-01-29,'002242,九阳股份,18.27,18.76,18.25,18.56,18.39,-0.12,-0.6525,1.0875,8347058,154534996.65,14022425970.0,14022425970.0
2018-01-26,'002242,九阳股份,18.39,18.52,18.05,18.14,18.12,0.27,1.4901,0.7295,5598642,102768263.93,14114527290.0,14114527290.0
2018-01-25,'002242,九阳股份,18.12,18.36,18.09,18.18,18.17,-0.05,-0.2752,0.5973,4584241,83340817.72,13907299320.0,13907299320.0
2018-01-24,'002242,九阳股份,18.17,18.21,18.0,18.11,18.15,0.02,0.1102,0.5499,4220780,76443693.34,13945674870.0,13945674870.0
2018-01-23,'002242,九阳股份,18.15,18.25,18.04,18.17,18.3,-0.15,-0.8197,0.5109,3921362,71072734.34,13930324650.0,13930324650.0
2018-01-22,'002242,九阳股份,18.3,18.36,17.83,17.88,17.97,0.33,1.8364,0.5397,4142574,75115184.91,14045451300.0,14045451300.0
2018-01-19,'002242,九阳股份,17.97,18.26,17.93,18.26,18.25,-0.28,-1.5342,0.4925,3780279,68404519.72,13792172670.0,13792172670.0
2018-01-18,'002242,九阳股份,18.25,18.34,17.97,18.18,18.25,0.0,0.0,0.6168,4734311,85775881.0,14007075750.0,14007075750.0
2018-01-17,'002242,九阳股份,18.25,18.57,18.12,18.35,18.4,-0.15,-0.8152,1.1245,8630972,157574426.23,14007075750.0,14007075750.0
2018-01-16,'002242,九阳股份,18.4,18.45,17.83,17.83,17.82,0.58,3.2548,1.3844,10625598,194149343.9,14122202400.0,14122202400.0
2018-01-15,'002242,九阳股份,17.82,18.18,17.72,17.73,17.81,0.01,0.0561,0.8518,6537956,117689333.45,13677046020.0,13677046020.0
2018-01-12,'002242,九阳股份,17.81,17.96,17.49,17.63,17.63,0.18,1.021,0.6633,5090705,90391474.36,13669370910.0,13669370910.0
2018-01-11,'002242,九阳股份,17.63,17.73,17.46,17.72,17.78,-0.15,-0.8436,0.4944,3794510,66705242.56,13531218930.0,13531218930.0
2018-01-10,'002242,九阳股份,17.78,18.5,17.22,17.36,17.36,0.42,2.4194,1.2101,9287390,165901876.87,13646345580.0,13646345580.0
2018-01-09,'002242,九阳股份,17.36,17.46,17.19,17.32,17.32,0.04,0.2309,0.4387,3367386,58409099.27,13323990960.0,13323990960.0
2018-01-08,'002242,九阳股份,17.32,17.47,17.15,17.44,17.41,-0.09,-0.5169,0.3534,2712767,46845599.82,13293290520.0,13293290520.0
2018-01-05,'002242,九阳股份,17.41,17.48,17.34,17.4,17.5,-0.09,-0.5143,0.2979,2286767,39754074.66,13362366510.0,13362366510.0
2018-01-04,'002242,九阳股份,17.5,17.53,17.21,17.26,17.33,0.17,0.981,0.4761,3654264,63412837.4,13431442500.0,13431442500.0
2018-01-03,'002242,九阳股份,17.33,17.36,17.11,17.29,17.23,0.1,0.5804,0.4451,3416252,59030788.2,13300965630.0,13300965630.0
2018-01-02,'002242,九阳股份,17.23,17.28,16.99,16.99,16.97,0.26,1.5321,0.4155,3188812,54776965.33,13224214530.0,13224214530.0
2017-12-29,'002242,九阳股份,16.97,17.03,16.85,16.89,16.92,0.05,0.2955,0.2121,1627875,27576997.71,13024661670.0,13024661670.0
2017-12-28,'002242,九阳股份,16.92,17.13,16.89,17.06,17.06,-0.14,-0.8206,0.3177,2438686,41390790.95,12986286120.0,12986286120.0
2017-12-27,'002242,九阳股份,17.06,17.17,16.96,17.05,17.06,0.0,0.0,0.2645,2030268,34728945.2,13093737660.0,13093737660.0
2017-12-26,'002242,九阳股份,17.06,17.09,16.8,16.8,16.81,0.25,1.4872,0.2404,1844879,31343653.45,13093737660.0,13093737660.0
2017-12-25,'002242,九阳股份,16.81,17.19,16.8,17.12,17.12,-0.31,-1.8107,0.2424,1860401,31495306.89,12901859910.0,12901859910.0
2017-12-22,'002242,九阳股份,17.12,17.26,17.11,17.22,17.19,-0.07,-0.4072,0.2007,1540300,26435310.0,13139788320.0,13139788320.0
2017-12-21,'002242,九阳股份,17.19,17.3,17.11,17.19,17.19,0.0,0.0,0.2982,2288583,39391262.0,13193514090.0,13193514090.0
2017-12-20,'002242,九阳股份,17.19,17.25,17.06,17.2,17.2,-0.01,-0.0581,0.2828,2170363,37257231.34,13193514090.0,13193514090.0
2017-12-19,'002242,九阳股份,17.2,17.33,17.08,17.16,17.17,0.03,0.1747,0.3555,2728537,47002028.63,13201189200.0,13201189200.0
2017-12-18,'002242,九阳股份,17.17,17.34,16.84,16.9,17.03,0.14,0.8221,0.5042,3869962,66088380.7,13178163870.0,13178163870.0
2017-12-15,'002242,九阳股份,17.03,17.05,16.61,16.93,16.93,0.1,0.5907,0.4919,3775674,63513831.54,13070712330.0,13070712330.0
2017-12-14,'002242,九阳股份,16.93,17.13,16.9,17.13,17.1,-0.17,-0.9942,0.2927,2246601,38130858.49,12993961230.0,12993961230.0
2017-12-13,'002242,九阳股份,17.1,17.14,16.85,16.9,16.93,0.17,1.0041,0.2722,2089449,35586138.9,13124438100.0,13124438100.0
2017-12-12,'002242,九阳股份,16.93,17.2,16.92,17.16,17.1,-0.17,-0.9942,0.2867,2200449,37562799.79,12993961230.0,12993961230.0
2017-12-11,'002242,九阳股份,17.1,17.2,17.0,17.02,17.02,0.08,0.47,0.384,2947095,50431452.6,13124438100.0,13124438100.0
2017-12-08,'002242,九阳股份,17.02,17.19,17.0,17.01,17.01,0.01,0.0588,0.2903,2228035,38052225.95,13063037220.0,13063037220.0
2017-12-07,'002242,九阳股份,17.01,17.18,16.82,16.82,16.95,0.06,0.354,0.3209,2462569,41917789.99,13055362110.0,13055362110.0
2017-12-06,'002242,九阳股份,16.95,17.18,16.65,16.71,16.71,0.24,1.4363,0.4457,3420491,57743991.22,13009311450.0,13009311450.0
2017-12-05,'002242,九阳股份,16.71,17.56,16.46,17.5,17.48,-0.77,-4.405,0.799,6132744,104837677.71,12825108810.0,12825108810.0
2017-12-04,'002242,九阳股份,18.08,18.3,18.08,18.14,18.15,-0.07,-0.3857,0.3867,2968294,54046093.9,13876598880.0,13876598880.0
2017-12-01,'002242,九阳股份,18.15,18.17,18.01,18.15,18.06,0.09,0.4983,0.2929,2248333,40662797.73,13930324650.0,13930324650.0
2017-11-30,'002242,九阳股份,18.06,18.18,18.02,18.16,18.16,-0.1,-0.5507,0.2663,2044054,36950237.48,13861248660.0,13861248660.0
2017-11-29,'002242,九阳股份,18.16,18.19,17.82,17.83,17.71,0.45,2.5409,0.5509,4228329,76375535.29,13937999760.0,13937999760.0
2017-11-28,'002242,九阳股份,17.71,17.77,17.51,17.61,17.6,0.11,0.625,0.2206,1692868,29942414.72,13592619810.0,13592619810.0
2017-11-27,'002242,九阳股份,17.6,17.77,17.53,17.66,17.78,-0.18,-1.0124,0.2589,1987043,35047380.77,13508193600.0,13508193600.0
2017-11-24,'002242,九阳股份,17.78,17.88,17.5,17.62,17.62,0.16,0.9081,0.3677,2822118,49867045.68,13646345580.0,13646345580.0
2017-11-23,'002242,九阳股份,17.62,18.33,17.61,18.23,18.22,-0.6,-3.2931,0.8625,6619820,118737865.0,13523543820.0,13523543820.0
2017-11-22,'002242,九阳股份,18.22,18.25,17.99,18.0,18.09,0.13,0.7186,0.5507,4226899,76672556.38,13984050420.0,13984050420.0
2017-11-21,'002242,九阳股份,18.09,18.54,17.99,18.03,18.09,0.0,0.0,0.6997,5370419,97362962.18,13884273990.0,13884273990.0
2017-11-20,'002242,九阳股份,18.09,18.19,17.75,18.01,18.19,-0.1,-0.5498,0.5666,4349011,78189148.26,13884273990.0,13884273990.0
2017-11-17,'002242,九阳股份,18.19,18.96,18.08,18.8,18.81,-0.62,-3.2961,0.7458,5724432,105650866.05,13961025090.0,13961025090.0
2017-11-16,'002242,九阳股份,18.81,18.91,18.63,18.81,18.84,-0.03,-0.1592,0.3793,2911281,54751492.04,14436881910.0,14436881910.0
2017-11-15,'002242,九阳股份,18.84,19.18,18.54,19.12,19.03,-0.19,-0.9984,0.7149,5486969,103391821.41,14459907240.0,14459907240.0
2017-11-14,'002242,九阳股份,19.03,19.16,18.8,18.9,18.9,0.13,0.6878,0.8611,6609286,125288144.74,14605734330.0,14605734330.0
2017-11-13,'002242,九阳股份,18.9,19.2,18.81,19.09,19.09,-0.19,-0.9953,0.7446,5714781,108262635.76,14505957900.0,14505957900.0
2017-11-10,'002242,九阳股份,19.09,19.14,18.88,19.0,19.15,-0.06,-0.3133,1.002,7690420,146119937.64,14651784990.0,14651784990.0
2017-11-09,'002242,九阳股份,19.15,19.26,18.4,18.4,18.26,0.89,4.874,1.7395,13351101,252649700.12,14698065450.0,14697835650.0
2017-11-08,'002242,九阳股份,18.26,18.38,18.17,18.17,18.21,0.05,0.2746,0.4195,3219905,58836537.89,14014969980.0,14014750860.0
2017-11-07,'002242,九阳股份,18.21,18.31,18.08,18.21,18.12,0.09,0.4967,0.6183,4745548,86373035.01,13976593830.0,13976375310.0
2017-11-06,'002242,九阳股份,18.12,18.18,17.8,17.87,17.84,0.28,1.5695,0.4465,3426681,61737680.12,13907516760.0,13907299320.0
2017-11-03,'002242,九阳股份,17.84,17.97,17.7,17.97,17.97,-0.13,-0.7234,0.5275,4048948,72231693.54,13692610320.0,13692396240.0
2017-11-02,'002242,九阳股份,17.97,18.21,17.91,18.17,18.17,-0.2,-1.1007,0.4031,3094122,55769028.48,13792388310.0,13792172670.0
2017-11-01,'002242,九阳股份,18.17,18.29,18.05,18.05,18.17,0.0,0.0,0.5495,4217802,76745412.85,13945892910.0,13945674870.0
2017-10-31,'002242,九阳股份,18.17,18.18,17.86,18.06,18.05,0.12,0.6648,0.7199,5525091,99610007.66,13945892910.0,13945674870.0
2017-10-30,'002242,九阳股份,18.05,18.78,18.0,18.77,19.05,-1.0,-5.2493,1.8932,14530758,265447727.86,13853790150.0,13853573550.0
2017-10-27,'002242,九阳股份,19.05,19.14,18.78,18.92,18.94,0.11,0.5808,0.7508,5762771,109223159.69,14621313150.0,14621084550.0
2017-10-26,'002242,九阳股份,18.94,19.18,18.67,18.68,18.66,0.28,1.5005,1.1355,8714904,165273287.98,14536885620.0,14536658340.0
2017-10-25,'002242,九阳股份,18.66,18.68,18.42,18.55,18.51,0.15,0.8104,0.6105,4685354,87004138.62,14321979180.0,14321755260.0
2017-10-24,'002242,九阳股份,18.51,18.55,18.27,18.33,18.35,0.16,0.8719,0.6763,5190976,95793646.86,14206850730.0,14206628610.0
2017-10-23,'002242,九阳股份,18.35,18.36,18.22,18.36,18.29,0.06,0.328,0.5279,4051380,74146429.1,14084047050.0,14083826850.0
2017-10-20,'002242,九阳股份,18.29,18.4,18.15,18.19,18.15,0.14,0.7713,0.6327,4856373,88721904.63,14037995670.0,14037776190.0
2017-10-19,'002242,九阳股份,18.15,18.53,18.14,18.48,18.48,-0.33,-1.7857,0.9358,7182466,131674717.44,13930542450.0,13930324650.0
2017-10-18,'002242,九阳股份,18.48,18.87,18.45,18.79,18.72,-0.24,-1.2821,0.8491,6517317,121826906.11,14183825040.0,14183603280.0
2017-10-17,'002242,九阳股份,18.72,18.8,18.51,18.74,18.8,-0.08,-0.4255,0.6747,5178247,96627802.29,14368030560.0,14367805920.0
2017-10-16,'002242,九阳股份,18.8,19.26,18.8,19.18,19.17,-0.37,-1.9301,0.9634,7393877,140745290.71,14429432400.0,14429206800.0
2017-10-13,'002242,九阳股份,19.17,19.22,19.07,19.18,19.2,-0.03,-0.1563,0.4885,3749285,71765812.59,14713415910.0,14713185870.0
2017-10-12,'002242,九阳股份,19.2,19.34,19.04,19.21,19.17,0.03,0.1565,0.5686,4363893,83735782.82,14736441600.0,14736211200.0
2017-10-11,'002242,九阳股份,19.17,19.5,19.12,19.48,19.44,-0.27,-1.3889,0.7883,6050233,116659383.83,14713415910.0,14713185870.0
2017-10-10,'002242,九阳股份,19.44,19.55,19.32,19.52,19.52,-0.08,-0.4098,0.635,4873848,94530375.04,14920647120.0,14920413840.0
2017-10-09,'002242,九阳股份,19.52,19.56,19.33,19.48,19.33,0.19,0.9829,0.8813,6764298,131590256.81,14982048960.0,14981814720.0
2017-09-29,'002242,九阳股份,19.33,19.46,19.28,19.3,19.23,0.1,0.52,0.7306,5607688,108657264.13,14836219590.0,14835987630.0
2017-09-28,'002242,九阳股份,19.23,19.44,19.14,19.32,19.22,0.01,0.052,0.8183,6280404,121204619.95,14759467290.0,14759236530.0
2017-09-27,'002242,九阳股份,19.22,19.38,19.02,19.06,19.07,0.15,0.7866,0.9407,7220263,139112051.59,14751792060.0,14751561420.0
2017-09-26,'002242,九阳股份,19.07,19.1,18.83,18.9,18.9,0.17,0.8995,0.7208,5532387,104727053.56,14636663610.0,14636434770.0
2017-09-25,'002242,九阳股份,18.9,19.15,18.83,18.91,18.91,-0.01,-0.0529,0.6793,5200570,98875720.62,14506184700.0,14469981750.0
2017-09-22,'002242,九阳股份,18.91,19.08,18.8,18.93,18.97,-0.06,-0.3163,0.6115,4681781,88627872.29,14513859930.0,14477637825.0
2017-09-21,'002242,九阳股份,18.97,19.15,18.95,19.14,19.24,-0.27,-1.4033,0.8419,6445503,122566043.33,14559911310.0,14523574275.0
2017-09-20,'002242,九阳股份,19.24,19.3,18.91,19.15,19.15,0.09,0.47,0.8882,6799759,129826077.13,14767142520.0,14730288300.0
2017-09-19,'002242,九阳股份,19.15,19.41,19.07,19.41,19.4,-0.25,-1.2887,0.7519,5756539,110806624.29,14698065450.0,14661383625.0
2017-09-18,'002242,九阳股份,19.4,19.45,19.25,19.34,19.33,0.07,0.3621,0.547,4187900,81113795.38,14889946200.0,14852785500.0
2017-09-15,'002242,九阳股份,19.33,19.4,19.13,19.29,19.3,0.03,0.1554,0.7668,5870524,113332070.4,14836219590.0,14799192975.0
2017-09-14,'002242,九阳股份,19.3,19.56,19.18,19.55,19.58,-0.28,-1.43,1.4361,10994897,212098630.7,14813193900.0,14776224750.0
2017-09-13,'002242,九阳股份,19.58,19.72,19.52,19.66,19.62,-0.04,-0.2039,0.8495,6503905,127433086.77,15028100340.0,14990594850.0
2017-09-12,'002242,九阳股份,19.62,19.83,19.54,19.67,19.71,-0.09,-0.4566,1.3049,9990533,196606110.35,15058801260.0,15021219150.0
2017-09-11,'002242,九阳股份,19.71,19.96,19.6,19.6,19.55,0.16,0.8184,1.0578,8098517,159788411.28,15127878330.0,15090123825.0
2017-09-08,'002242,九阳股份,19.55,19.87,19.48,19.63,19.67,-0.12,-0.6101,1.084,8298838,162987866.24,15005074650.0,14967626625.0
2017-09-07,'002242,九阳股份,19.67,19.98,19.67,19.81,19.96,-0.29,-1.4529,1.3969,10694574,211679096.0,15097177410.0,15059499525.0
2017-09-06,'002242,九阳股份,19.96,20.44,19.65,19.82,19.91,0.05,0.2511,2.0235,15491878,310463155.6,15319759080.0,15281525700.0
2017-09-05,'002242,九阳股份,19.91,20.48,19.9,20.21,20.4,-0.49,-2.402,2.0508,15701226,315095243.76,15281382930.0,15243245325.0
2017-09-04,'002242,九阳股份,20.4,20.88,19.37,19.56,19.65,0.75,3.8168,3.7162,28451419,570382887.9,15657469200.0,15618393000.0
2017-09-01,'002242,九阳股份,19.65,19.81,19.31,19.32,19.38,0.27,1.3932,2.485,19025487,373762284.86,15081826950.0,15044187375.0
2017-08-31,'002242,九阳股份,19.38,19.61,19.35,19.61,19.61,-0.23,-1.1729,1.6784,12849974,250195961.86,14874595740.0,14837473350.0
2017-08-30,'002242,九阳股份,19.61,19.62,19.2,19.34,19.4,0.21,1.0825,2.3898,18296664,354850740.58,15051126030.0,15013563075.0
2017-08-29,'002242,九阳股份,19.4,19.67,19.32,19.4,19.53,-0.13,-0.6656,1.9729,15104637,293881858.26,14889946200.0,14852785500.0
2017-08-28,'002242,九阳股份,19.53,19.61,19.2,19.25,19.4,0.13,0.6701,3.0167,23095962,449030508.53,14989724190.0,14952314475.0
2017-08-25,'002242,九阳股份,19.4,19.65,19.23,19.32,19.33,0.07,0.3621,2.4555,18799362,365136709.08,14889946200.0,14852785500.0
2017-08-24,'002242,九阳股份,19.33,19.68,19.11,19.51,19.85,-0.52,-2.6196,3.0584,23415044,452939298.09,14836219590.0,14799192975.0
2017-08-23,'002242,九阳股份,19.85,20.18,19.5,20.0,20.61,-0.76,-3.6875,4.8032,36773591,727236829.55,15235331550.0,15197308875.0
2017-08-22,'002242,九阳股份,20.61,21.48,19.89,20.1,20.13,0.48,2.3845,9.7753,74840355,1556571424.82,15818649030.0,15779170575.0
2017-08-21,'002242,九阳股份,20.13,20.13,19.61,20.13,18.3,1.83,10.0,7.3637,56377276,1133954501.84,15450237990.0,15411678975.0
2017-08-18,'002242,九阳股份,18.3,18.45,18.21,18.25,18.25,0.05,0.274,0.4042,3094811,56781478.83,14045670900.0,14010617250.0
2017-08-17,'002242,九阳股份,18.25,18.44,18.25,18.41,18.41,-0.16,-0.8691,0.5682,4350020,79650866.6,14007294750.0,13972336875.0
2017-08-16,'002242,九阳股份,18.41,18.47,18.19,18.19,18.19,0.22,1.2095,0.4784,3662371,67245536.14,14130098430.0,14094834075.0
2017-08-15,'002242,九阳股份,18.19,18.44,18.13,18.27,18.27,-0.08,-0.4379,0.5407,4139415,75525003.57,13961243370.0,13926400425.0
2017-08-14,'002242,九阳股份,18.27,18.35,17.95,17.97,17.97,0.3,1.6694,0.5248,4017991,73064007.91,14022645210.0,13987649025.0
2017-08-11,'002242,九阳股份,17.97,18.09,17.86,17.95,17.96,0.01,0.0557,0.3501,2680224,48285300.06,13792388310.0,13757966775.0
2017-08-10,'002242,九阳股份,17.96,18.19,17.85,18.16,18.14,-0.18,-0.9923,0.4004,3065285,55261199.3,13784713080.0,13750310700.0
2017-08-09,'002242,九阳股份,18.14,18.17,17.86,17.9,17.94,0.2,1.1148,0.4859,3720218,67296520.4,13922867220.0,13888120050.0
2017-08-08,'002242,九阳股份,17.94,18.03,17.73,17.73,17.79,0.15,0.8432,0.4433,3394101,60878565.77,13769362620.0,13734998550.0
2017-08-07,'002242,九阳股份,17.79,17.88,17.7,17.79,17.8,-0.01,-0.0562,0.4028,3084181,54810453.72,13654234170.0,13620157425.0
2017-08-04,'002242,九阳股份,17.8,18.11,17.8,18.0,18.06,-0.26,-1.4396,0.5829,4463018,79993825.62,13661909400.0,13627813500.0
2017-08-03,'002242,九阳股份,18.06,18.15,17.99,18.04,18.03,0.03,0.1664,0.3826,2928876,52871502.1,13861465380.0,13826871450.0
2017-08-02,'002242,九阳股份,18.03,18.25,18.0,18.23,18.18,-0.15,-0.8251,0.4868,3726669,67388572.32,13838439690.0,13803903225.0
2017-08-01,'002242,九阳股份,18.18,18.36,18.02,18.1,18.02,0.16,0.8879,0.6553,5016970,91283332.6,13953568140.0,13918744350.0
2017-07-31,'002242,九阳股份,18.02,18.1,17.89,18.0,17.99,0.03,0.1668,0.5153,3944916,70904604.67,13830764460.0,13796247150.0
2017-07-28,'002242,九阳股份,17.99,18.12,17.85,17.85,17.93,0.06,0.3346,0.475,3636923,65517371.74,13807738770.0,13773278925.0
2017-07-27,'002242,九阳股份,17.93,17.99,17.62,17.68,17.74,0.19,1.071,0.4378,3351975,59682515.06,13761687390.0,13727342475.0
2017-07-26,'002242,九阳股份,17.74,17.95,17.67,17.9,17.92,-0.18,-1.0045,0.456,3491201,61964623.82,13615858020.0,13581877050.0
2017-07-25,'002242,九阳股份,17.92,18.08,17.82,18.04,18.02,-0.1,-0.5549,0.3545,2714281,48727214.38,13754012160.0,13719686400.0
2017-07-24,'002242,九阳股份,18.02,18.02,17.61,17.8,17.75,0.27,1.5211,0.659,5045347,90105085.57,13830764460.0,13796247150.0
2017-07-21,'002242,九阳股份,17.75,18.06,17.7,17.94,17.95,-0.2,-1.1142,0.5499,4209980,75484099.54,13623533250.0,13589533125.0
2017-07-20,'002242,九阳股份,17.95,18.2,17.9,17.95,17.95,0.0,0.0,0.721,5519909,99479109.98,13777037850.0,13742654625.0
2017-07-19,'002242,九阳股份,17.95,18.06,17.8,17.88,17.87,0.08,0.4477,0.7676,5876577,105397242.8,13777037850.0,13742654625.0
2017-07-18,'002242,九阳股份,17.87,18.19,17.65,17.8,17.9,-0.03,-0.1676,0.5978,4576939,81586035.59,13715636010.0,13681406025.0
2017-07-17,'002242,九阳股份,17.9,18.42,17.74,18.38,18.54,-0.64,-3.452,1.0189,7800559,140861742.02,13738661700.0,13704374250.0
2017-07-14,'002242,九阳股份,18.54,18.74,18.4,18.58,18.6,-0.06,-0.3226,0.6657,5097014,94686052.78,14229876420.0,14194363050.0
2017-07-13,'002242,九阳股份,18.6,18.74,18.31,18.48,18.55,0.05,0.2695,0.7905,6052309,111959382.91,14275927800.0,14240299500.0
2017-07-12,'002242,九阳股份,18.55,19.17,18.35,19.05,19.05,-0.5,-2.6247,1.1584,8868681,165229093.28,14237551650.0,14202019125.0
2017-07-11,'002242,九阳股份,19.05,19.2,18.66,18.81,18.89,0.16,0.847,1.2529,9591921,182595578.75,14621313150.0,14584822875.0
2017-07-10,'002242,九阳股份,18.89,19.09,18.86,18.9,18.95,-0.06,-0.3166,0.782,5987073,113557116.65,14498509470.0,14462325675.0
2017-07-07,'002242,九阳股份,18.95,18.95,18.65,18.9,18.93,0.02,0.1057,0.7052,5398692,101508984.1,14544560850.0,14508262125.0
2017-07-06,'002242,九阳股份,18.93,19.45,18.85,19.44,19.44,-0.51,-2.6235,1.3426,10279001,196236275.62,14529210390.0,14492949975.0
2017-07-05,'002242,九阳股份,19.44,19.5,19.21,19.39,19.41,0.03,0.1546,0.8361,6401561,123967795.04,14920647120.0,14883409800.0
2017-07-04,'002242,九阳股份,19.41,19.53,19.23,19.36,19.41,0.0,0.0,0.9094,6962511,134622640.34,14897621430.0,14860441575.0
2017-07-03,'002242,九阳股份,19.41,19.86,19.28,19.75,19.67,-0.26,-1.3218,1.188,9095089,177505487.09,14897621430.0,14860441575.0
2017-06-30,'002242,九阳股份,19.67,19.73,19.45,19.65,19.77,-0.1,-0.5058,0.7972,6103133,119589080.07,15097177410.0,15059499525.0
2017-06-29,'002242,九阳股份,19.77,19.86,19.4,19.69,19.78,-0.01,-0.0506,1.7361,13291676,260746325.8,15173929710.0,15136060275.0
2017-06-28,'002242,九阳股份,19.78,20.48,18.62,18.64,18.62,1.16,6.2299,3.8536,29503391,584187122.98,15181604940.0,15143716350.0
2017-06-27,'002242,九阳股份,18.62,18.97,18.6,18.9,18.98,-0.36,-1.8967,0.7656,5861615,110008029.73,14291278260.0,14255611650.0
2017-06-26,'002242,九阳股份,18.98,19.12,18.45,18.46,18.58,0.4,2.1529,1.1673,8936890,168577633.78,14567586540.0,14531230350.0
2017-06-23,'002242,九阳股份,18.58,18.71,18.16,18.68,18.75,-0.17,-0.9067,0.9667,7401405,136241755.04,14260577340.0,14224987350.0
2017-06-22,'002242,九阳股份,18.75,19.43,18.7,19.3,19.33,-0.58,-3.0005,0.864,6614849,126631920.66,14391056250.0,14355140625.0
2017-06-21,'002242,九阳股份,19.33,19.34,18.77,18.91,18.96,0.37,1.9515,1.0244,7842627,149547826.06,14836219590.0,14799192975.0
2017-06-20,'002242,九阳股份,18.96,19.15,18.82,19.04,19.04,-0.08,-0.4202,0.6509,4983174,94625761.58,14552236080.0,14515918200.0
2017-06-19,'002242,九阳股份,19.04,19.14,18.91,18.96,18.97,0.07,0.369,0.4912,3760934,71561075.9,14614780320.0,14577166800.0
2017-06-16,'002242,九阳股份,18.97,19.24,18.85,19.12,19.25,-0.28,-1.4545,0.6511,4984959,94983613.55,14561049510.0,14523574275.0
2017-06-15,'002242,九阳股份,19.25,19.25,18.63,18.85,18.84,0.41,2.1762,1.1875,9091337,171653430.72,14775972750.0,14737944375.0
2017-06-14,'002242,九阳股份,18.84,19.22,18.79,19.18,19.23,-0.39,-2.0281,0.7955,6090363,115431789.72,14461263720.0,14424045300.0
2017-06-13,'002242,九阳股份,19.23,19.49,18.95,19.11,19.17,0.06,0.313,0.9949,7616669,146044542.87,14760621090.0,14722632225.0
2017-06-12,'002242,九阳股份,19.17,19.62,19.06,19.55,19.62,-0.45,-2.2936,0.9071,6944561,133646922.29,14714566110.0,14676695775.0
2017-06-09,'002242,九阳股份,19.62,19.88,19.42,19.8,19.75,-0.13,-0.6582,0.7034,5385062,105524008.11,15059978460.0,15021219150.0
2017-06-08,'002242,九阳股份,19.75,19.9,19.25,19.39,19.5,0.25,1.2821,1.1857,9077462,178332012.67,15159764250.0,15120748125.0
2017-06-07,'002242,九阳股份,19.5,19.5,18.39,18.39,18.47,1.03,5.5766,1.5796,12093505,231192590.43,14967868500.0,14929346250.0
2017-06-06,'002242,九阳股份,18.47,18.47,17.99,18.13,18.12,0.35,1.9316,0.5384,4122346,75486068.17,14177258010.0,14140770525.0
2017-06-05,'002242,九阳股份,18.12,18.35,17.95,18.25,18.32,-0.2,-1.0917,0.3498,2678457,48663396.65,13908603960.0,13872807900.0
2017-06-02,'002242,九阳股份,18.32,18.52,17.75,18.22,18.31,0.01,0.0546,0.6912,5291946,95830338.29,14062120560.0,14025929400.0
2017-06-01,'002242,九阳股份,18.31,18.58,18.15,18.36,18.36,-0.05,-0.2723,0.4538,3474602,63846833.56,14054444730.0,14018273325.0
2017-05-31,'002242,九阳股份,18.36,19.08,18.33,18.55,18.53,-0.17,-0.9174,0.5273,4037306,75458742.36,14092823880.0,14056553700.0
2017-05-26,'002242,九阳股份,18.53,18.7,18.31,18.5,18.44,0.09,0.4881,0.3996,3059542,56702480.87,14223312990.0,14186706975.0
2017-05-25,'002242,九阳股份,18.44,18.58,18.16,18.28,18.21,0.23,1.263,0.4106,3143486,57766601.4,14154230520.0,14117802300.0
2017-05-24,'002242,九阳股份,18.21,18.36,17.61,17.96,17.87,0.34,1.9026,0.5768,4415795,79697016.49,13977686430.0,13941712575.0
2017-05-23,'002242,九阳股份,17.87,18.3,17.61,17.8,17.85,0.02,0.112,0.4064,3111569,55980249.26,13716708210.0,13681406025.0
2017-05-22,'002242,九阳股份,17.85,18.46,17.77,18.45,18.48,-0.63,-3.4091,0.5076,3886211,70146632.75,13701356550.0,13666093875.0
2017-05-19,'002242,九阳股份,18.48,18.77,18.35,18.37,18.41,0.07,0.3802,0.4446,3404012,63257984.11,14184933840.0,14148426600.0
2017-05-18,'002242,九阳股份,18.41,18.56,18.02,18.02,18.31,0.1,0.5461,0.3605,2759734,50850928.38,14131203030.0,14094834075.0
2017-05-17,'002242,九阳股份,18.31,18.75,18.25,18.47,18.43,-0.12,-0.6511,0.3889,2977394,54819744.12,14054444730.0,14018273325.0
2017-05-16,'002242,九阳股份,18.43,18.57,18.1,18.38,18.41,0.02,0.1086,0.4751,3637538,66851313.09,14146554690.0,14110146225.0
2017-05-15,'002242,九阳股份,18.41,18.47,17.81,17.81,17.6,0.81,4.6023,1.2824,9818433,178344453.23,14131203030.0,14094834075.0
2017-05-12,'002242,九阳股份,17.6,17.98,17.35,17.35,17.58,0.02,0.1138,0.7386,5654756,100349586.49,13509460800.0,13474692000.0
2017-05-11,'002242,九阳股份,17.58,17.73,16.8,17.4,17.59,-0.01,-0.0569,0.9379,7180311,123482763.25,13494109140.0,13459379850.0
2017-05-10,'002242,九阳股份,17.59,18.13,17.43,17.87,17.87,-0.28,-1.5669,0.6199,4746351,84447275.46,13501784970.0,13467035925.0
2017-05-09,'002242,九阳股份,17.87,18.45,17.76,18.3,18.42,-0.55,-2.9859,0.8467,6482445,116728465.34,13716708210.0,13681406025.0
2017-05-08,'002242,九阳股份,18.42,18.66,17.92,18.34,18.45,-0.03,-0.1626,0.757,5795350,105604770.66,14138878860.0,14102490150.0
2017-05-05,'002242,九阳股份,18.45,18.99,18.33,18.61,18.72,-0.27,-1.4423,0.9091,6959926,129922901.3,14161906350.0,14125458375.0
2017-05-04,'002242,九阳股份,18.72,19.21,18.72,19.04,19.23,-0.51,-2.6521,0.8991,6883769,130536549.92,14369153760.0,14332172400.0
2017-05-03,'002242,九阳股份,19.23,19.29,18.7,18.71,18.98,0.25,1.3172,1.0137,7760631,146705996.1,14760621090.0,14722632225.0
2017-05-02,'002242,九阳股份,18.98,19.23,18.68,19.2,19.43,-0.45,-2.316,1.5003,11486395,217201547.3,14568725340.0,14531230350.0
2017-04-28,'002242,九阳股份,19.43,19.66,19.16,19.39,19.5,-0.07,-0.359,0.854,6538471,126500333.98,14914137690.0,14875753725.0
2017-04-27,'002242,九阳股份,19.5,19.73,19.0,19.55,19.75,-0.25,-1.2658,1.4679,11238058,217824393.08,14967868500.0,14929346250.0
2017-04-26,'002242,九阳股份,19.75,20.5,19.73,20.0,20.21,-0.46,-2.2761,1.8878,14453073,292889782.84,15159764250.0,15120748125.0
2017-04-25,'002242,九阳股份,20.21,20.48,19.83,19.93,20.08,0.13,0.6474,1.5002,11485487,231773813.16,15512852430.0,15472927575.0
2017-04-24,'002242,九阳股份,20.08,20.85,19.18,19.92,19.92,0.16,0.8032,1.6785,12850598,258570150.07,15413066640.0,15373398600.0
2017-04-21,'002242,九阳股份,19.92,20.25,19.67,20.17,20.01,-0.09,-0.4498,1.3886,10631505,212560899.69,15290253360.0,15250901400.0
2017-04-20,'002242,九阳股份,20.01,20.6,19.1,19.16,19.16,0.85,4.4363,2.9125,22298531,444516383.8,15359335830.0,15319806075.0
2017-04-19,'002242,九阳股份,19.16,19.48,18.46,18.55,18.6,0.56,3.0108,1.6411,12564419,237441406.6,14706890280.0,14669039700.0
2017-04-18,'002242,九阳股份,18.6,18.87,18.4,18.4,18.53,0.07,0.3778,0.8651,6623413,123585361.22,14277043800.0,14240299500.0
2017-04-17,'002242,九阳股份,18.53,18.65,18.0,18.34,18.79,-0.26,-1.3837,0.9623,7367687,136019547.22,14223312990.0,14186706975.0
2017-04-14,'002242,九阳股份,18.79,19.19,18.62,19.07,19.09,-0.3,-1.5715,0.7016,5371609,101281759.93,14422884570.0,14385764925.0
2017-04-13,'002242,九阳股份,19.09,19.16,18.71,18.91,18.91,0.18,0.9519,0.6855,5248095,99506789.34,14653159470.0,14615447175.0
2017-04-12,'002242,九阳股份,18.91,19.07,18.67,18.78,18.78,0.13,0.6922,1.1363,8699864,164636515.83,14514994530.0,14477637825.0
2017-04-11,'002242,九阳股份,18.78,18.79,18.4,18.48,18.49,0.29,1.5684,0.9483,7260521,134738145.41,14415208740.0,14378108850.0
2017-04-10,'002242,九阳股份,18.49,18.56,18.24,18.33,18.34,0.15,0.8179,0.6426,4919540,90626684.13,14192609670.0,14156082675.0
2017-04-07,'002242,九阳股份,18.34,18.44,18.23,18.39,18.4,-0.06,-0.3261,0.5281,4043337,74201689.38,14077472220.0,14041241550.0
2017-04-06,'002242,九阳股份,18.4,18.59,18.27,18.55,18.56,-0.16,-0.8621,0.9192,7037314,129543563.19,14123527200.0,14087178000.0
2017-04-05,'002242,九阳股份,18.56,18.63,18.34,18.4,18.39,0.17,0.9244,0.9083,6954110,128819439.53,14246340480.0,14209675200.0
2017-03-31,'002242,九阳股份,18.39,18.45,18.19,18.23,18.23,0.16,0.8777,0.761,5826183,106725698.01,14115851370.0,14079521925.0
2017-03-30,'002242,九阳股份,18.23,18.69,18.11,18.55,18.55,-0.32,-1.7251,0.8309,6361700,116782992.73,13993038090.0,13957024725.0
2017-03-29,'002242,九阳股份,18.55,18.88,18.4,18.87,18.82,-0.27,-1.4346,1.2049,9225088,171296002.6,14238664650.0,14202019125.0
2017-03-28,'002242,九阳股份,18.82,19.14,18.66,19.09,19.06,-0.24,-1.2592,1.0224,7827840,147601486.18,14445912060.0,14408733150.0
2017-03-27,'002242,九阳股份,19.06,19.89,18.99,19.88,19.73,-0.67,-3.3958,1.5594,11938713,230534612.54,14630131980.0,14592478950.0
2017-03-24,'002242,九阳股份,19.73,20.0,19.56,19.65,19.66,0.07,0.3561,0.8785,6725894,133148306.52,15144412590.0,15105435975.0
2017-03-23,'002242,九阳股份,19.66,20.0,19.4,19.7,19.81,-0.15,-0.7572,1.0893,8339653,164114258.11,15090681780.0,15051843450.0
2017-03-22,'002242,九阳股份,19.81,20.07,19.28,19.42,19.56,0.25,1.2781,1.5163,11608525,229139213.87,15205819230.0,15166684575.0
2017-03-21,'002242,九阳股份,19.56,19.57,19.06,19.21,19.3,0.26,1.3472,1.2518,9583496,185810750.25,15013923480.0,14975282700.0
2017-03-20,'002242,九阳股份,19.3,19.3,18.86,19.14,19.14,0.16,0.8359,0.8602,6585634,125445617.62,14814351900.0,14776224750.0
2017-03-17,'002242,九阳股份,19.14,19.34,19.07,19.22,19.23,-0.09,-0.468,1.1542,8836882,169540078.54,14691538620.0,14653727550.0
2017-03-16,'002242,九阳股份,19.23,19.42,19.16,19.36,19.3,-0.07,-0.3627,1.234,9447803,181852626.16,14760621090.0,14722632225.0
2017-03-15,'002242,九阳股份,19.3,19.75,18.83,18.9,19.0,0.3,1.5789,1.9021,14562327,282630033.08,14814351900.0,14776224750.0
2017-03-14,'002242,九阳股份,19.0,19.27,18.7,18.9,18.92,0.08,0.4228,1.4012,10727988,203266932.81,14584077000.0,14546542500.0
2017-03-13,'002242,九阳股份,18.92,18.97,18.23,18.41,18.44,0.48,2.603,1.6785,12850932,240603821.16,14522670360.0,14485293900.0
2017-03-10,'002242,九阳股份,18.44,18.61,18.24,18.35,18.33,0.11,0.6001,0.8506,6511888,120412485.09,14154230520.0,14117802300.0
2017-03-09,'002242,九阳股份,18.33,18.41,18.17,18.3,18.33,0.0,0.0,0.5355,4100051,74958846.33,14069796390.0,14033585475.0
2017-03-08,'002242,九阳股份,18.33,18.67,18.27,18.65,18.66,-0.33,-1.7685,0.8536,6535072,120309741.27,14069796390.0,14033585475.0
2017-03-07,'002242,九阳股份,18.66,18.76,18.53,18.72,18.77,-0.11,-0.586,0.7434,5691570,105980338.91,14323098780.0,14286235950.0
2017-03-06,'002242,九阳股份,18.77,18.88,18.41,18.5,18.49,0.28,1.5143,1.4415,11035898,205861761.09,14407532910.0,14370452775.0
2017-03-03,'002242,九阳股份,18.49,18.52,18.11,18.2,18.28,0.21,1.1488,1.1684,8945015,163951490.32,14192609670.0,14156082675.0
2017-03-02,'002242,九阳股份,18.28,18.33,17.99,18.17,18.17,0.11,0.6054,0.8305,6358338,115345569.03,14031417240.0,13995305100.0
2017-03-01,'002242,九阳股份,18.17,18.38,18.16,18.19,18.19,-0.02,-0.11,0.6677,5112280,93273139.84,13946983110.0,13911088275.0
2017-02-28,'002242,九阳股份,18.19,18.27,18.11,18.19,18.2,-0.01,-0.0549,0.4736,3626080,65903889.04,13962334770.0,13926400425.0
2017-02-27,'002242,九阳股份,18.2,18.3,18.09,18.25,18.26,-0.06,-0.3286,0.5515,4222056,76610486.37,13970010600.0,13934056500.0
2017-02-24,'002242,九阳股份,18.26,18.4,18.13,18.4,18.37,-0.11,-0.5988,0.5702,4365494,79648201.72,14016065580.0,13979992950.0
2017-02-23,'002242,九阳股份,18.37,18.42,18.09,18.16,18.06,0.31,1.7165,1.8356,14053261,257260524.97,14100499710.0,14064209775.0
2017-02-22,'002242,九阳股份,18.06,18.19,17.85,17.91,17.9,0.16,0.8939,1.2698,9721709,175074028.41,13862548980.0,13826871450.0
2017-02-21,'002242,九阳股份,17.9,17.99,17.74,17.83,17.8,0.1,0.5618,1.1154,8539785,152524760.47,13739735700.0,13704374250.0
2017-02-20,'002242,九阳股份,17.8,17.85,17.42,17.53,17.52,0.28,1.5982,1.1053,8462477,150015736.79,13662977400.0,13627813500.0
2017-02-17,'002242,九阳股份,17.52,17.65,17.48,17.56,17.61,-0.09,-0.5111,0.444,3399232,59667127.91,13448054160.0,13413443400.0
2017-02-16,'002242,九阳股份,17.61,17.88,17.52,17.75,17.63,-0.02,-0.1134,0.6392,4893517,86246748.89,13517136630.0,13482348075.0
2017-02-15,'002242,九阳股份,17.63,17.85,17.62,17.81,17.79,-0.16,-0.8994,0.4843,3707878,65764982.74,13532488290.0,13497660225.0
2017-02-14,'002242,九阳股份,17.79,18.08,17.75,18.08,18.06,-0.27,-1.495,0.6742,5161507,92202538.61,13655301570.0,13620157425.0
2017-02-13,'002242,九阳股份,18.06,18.14,17.91,17.95,17.95,0.11,0.6128,0.5824,4458834,80367187.99,13862548980.0,13826871450.0
2017-02-10,'002242,九阳股份,17.95,18.05,17.9,17.99,17.95,0.0,0.0,0.3997,3060451,54971199.87,13778114850.0,13742654625.0
2017-02-09,'002242,九阳股份,17.95,18.07,17.89,17.9,17.92,0.03,0.1674,0.4775,3655618,65591277.09,13778114850.0,13742654625.0
2017-02-08,'002242,九阳股份,17.92,17.96,17.68,17.95,17.87,0.05,0.2798,0.3331,2550579,45485307.0,13755087360.0,13719686400.0
2017-02-07,'002242,九阳股份,17.87,18.1,17.87,18.07,18.07,-0.2,-1.1068,0.2115,1619204,29097930.57,13716708210.0,13681406025.0
2017-02-06,'002242,九阳股份,18.07,18.1,17.96,18.04,18.05,0.02,0.1108,0.1672,1280172,23102520.98,13870224810.0,13834527525.0
2017-02-03,'002242,九阳股份,18.05,18.15,17.96,18.08,18.06,-0.01,-0.0554,0.2001,1531750,27634806.0,13854873150.0,13819215375.0
2017-01-26,'002242,九阳股份,18.06,18.15,17.89,17.89,17.88,0.18,1.0067,0.2393,1832370,33023626.41,13862548980.0,13826871450.0
2017-01-25,'002242,九阳股份,17.88,17.95,17.75,17.8,17.76,0.12,0.6757,0.23,1761211,31447275.06,13724384040.0,13689062100.0
2017-01-24,'002242,九阳股份,17.76,17.89,17.76,17.76,17.8,-0.04,-0.2247,0.2543,1946930,34657779.46,13632274080.0,13597189200.0
2017-01-23,'002242,九阳股份,17.8,17.89,17.76,17.8,17.8,0.0,0.0,0.2186,1673386,29842078.49,13662977400.0,13627813500.0
2017-01-20,'002242,九阳股份,17.8,17.8,17.52,17.52,17.52,0.28,1.5982,0.2778,2127009,37616698.71,13662977400.0,13627813500.0
2017-01-19,'002242,九阳股份,17.52,17.8,17.49,17.8,17.8,-0.28,-1.573,0.3112,2382242,41925990.57,13448054160.0,13413443400.0
2017-01-18,'002242,九阳股份,17.8,17.97,17.66,17.66,17.66,0.14,0.7928,0.3639,2786325,49727738.24,13662977400.0,13627813500.0
2017-01-17,'002242,九阳股份,17.66,17.84,17.5,17.8,17.8,-0.14,-0.7865,0.4574,3501866,61936949.7,13555515780.0,13520628450.0
2017-01-16,'002242,九阳股份,17.8,18.04,17.16,17.97,18.07,-0.27,-1.4942,0.4465,3418427,60918375.29,13662977400.0,13627813500.0
2017-01-13,'002242,九阳股份,18.07,18.16,17.98,18.07,18.07,0.0,0.0,0.2232,1708790,30875644.5,13870224810.0,13834527525.0
2017-01-12,'002242,九阳股份,18.07,18.36,18.04,18.2,18.3,-0.23,-1.2568,0.4137,3167377,57441841.49,13870224810.0,13834527525.0
2017-01-11,'002242,九阳股份,18.3,18.44,18.3,18.35,18.36,-0.06,-0.3268,0.2211,1692472,31078306.53,14046768900.0,14010617250.0
2017-01-10,'002242,九阳股份,18.36,18.47,18.33,18.47,18.4,-0.04,-0.2174,0.2565,1964083,36099410.21,14092823880.0,14056553700.0
2017-01-09,'002242,九阳股份,18.4,18.55,18.2,18.22,18.22,0.18,0.9879,0.3982,3048350,56184830.45,14123527200.0,14087178000.0
2017-01-06,'002242,九阳股份,18.22,18.39,18.18,18.31,18.34,-0.12,-0.6543,0.3563,2728242,49815077.65,13985362260.0,13949368650.0
2017-01-05,'002242,九阳股份,18.34,18.54,18.29,18.46,18.5,-0.16,-0.8649,0.3778,2892554,53176878.22,14077472220.0,14041241550.0
2017-01-04,'002242,九阳股份,18.5,18.57,18.17,18.25,18.28,0.22,1.2035,0.4445,3403192,62546853.79,14200285500.0,14163738750.0
2017-01-03,'002242,九阳股份,18.28,18.33,18.04,18.04,18.03,0.25,1.3866,0.3443,2635951,48102113.08,14031417240.0,13995305100.0
2016-12-30,'002242,九阳股份,18.03,18.15,17.91,17.91,17.94,0.09,0.5017,0.1779,1362364,24602152.48,13839521490.0,13803903225.0
2016-12-29,'002242,九阳股份,17.94,18.15,17.9,18.03,18.02,-0.08,-0.444,0.2826,2163943,38949204.09,13770439020.0,13734998550.0
2016-12-28,'002242,九阳股份,18.02,18.27,18.02,18.22,18.26,-0.24,-1.3143,0.265,2029023,36780682.15,13831845660.0,13796247150.0
2016-12-27,'002242,九阳股份,18.26,18.31,18.12,18.2,18.2,0.06,0.3297,0.283,2166550,39548061.18,14016065580.0,13979992950.0
2016-12-26,'002242,九阳股份,18.2,18.27,17.85,18.21,18.23,-0.03,-0.1646,0.4835,3701440,66716998.97,13970010600.0,13934056500.0
2016-12-23,'002242,九阳股份,18.23,18.54,18.19,18.47,18.48,-0.25,-1.3528,0.3605,2759895,50722188.04,13993038090.0,13957024725.0
2016-12-22,'002242,九阳股份,18.48,18.57,18.33,18.54,18.51,-0.03,-0.1621,0.4235,3242016,59921209.81,14184933840.0,14148426600.0
2016-12-21,'002242,九阳股份,18.51,18.59,18.42,18.44,18.4,0.11,0.5978,0.4669,3574279,66168313.54,14207961330.0,14171394825.0
2016-12-20,'002242,九阳股份,18.4,18.47,18.3,18.33,18.53,-0.13,-0.7016,0.304,2327298,42760609.44,14123527200.0,14087178000.0
2016-12-19,'002242,九阳股份,18.53,18.54,18.18,18.32,18.41,0.12,0.6518,0.5209,3987933,73058467.68,14223312990.0,14186706975.0
2016-12-16,'002242,九阳股份,18.41,18.66,18.24,18.65,18.26,0.15,0.8215,0.8755,6702943,123536570.38,14131203030.0,14094834075.0
2016-12-15,'002242,九阳股份,18.26,18.54,18.06,18.29,18.3,-0.04,-0.2186,0.641,4907405,89687252.58,14016065580.0,13979992950.0
2016-12-14,'002242,九阳股份,18.3,19.04,18.3,18.94,18.95,-0.65,-3.4301,0.9698,7424852,137495764.66,14046768900.0,14010617250.0
2016-12-13,'002242,九阳股份,18.95,19.27,18.67,19.08,19.25,-0.3,-1.5584,0.942,7212268,136968063.6,14545697850.0,14508262125.0
2016-12-12,'002242,九阳股份,19.25,20.65,19.15,20.42,20.42,-1.17,-5.7297,1.3124,10047923,199876980.74,14775972750.0,14737944375.0
2016-12-09,'002242,九阳股份,20.42,20.58,20.21,20.39,20.45,-0.03,-0.1467,0.7473,5721296,116759955.35,15674044860.0,15633705150.0
2016-12-08,'002242,九阳股份,20.45,20.83,20.3,20.73,20.84,-0.39,-1.8714,1.151,8812463,180688268.91,15697072350.0,15656673375.0
2016-12-07,'002242,九阳股份,20.84,21.09,20.63,20.65,20.65,0.19,0.9201,1.2498,9568815,199746971.48,15996429720.0,15955260300.0
2016-12-06,'002242,九阳股份,20.65,20.93,20.46,20.78,20.94,-0.29,-1.3849,1.5017,11497238,237712257.8,15850588950.0,15809794875.0
2016-12-05,'002242,九阳股份,20.94,21.37,20.23,20.39,20.49,0.45,2.1962,2.6496,20285274,421996733.04,16073188020.0,16031821050.0
2016-12-02,'002242,九阳股份,20.49,20.54,19.88,20.1,20.0,0.49,2.45,2.2542,17258592,349336229.08,15727775670.0,15687297675.0
2016-12-01,'002242,九阳股份,20.0,20.48,19.94,19.98,19.89,0.11,0.553,1.3569,10388554,209795519.1,15351660000.0,15312150000.0
2016-11-30,'002242,九阳股份,19.89,20.05,19.71,19.88,19.92,-0.03,-0.1506,0.5949,4554651,90454856.47,15267225870.0,15227933175.0
2016-11-29,'002242,九阳股份,19.92,20.36,19.71,19.88,19.89,0.03,0.1508,1.278,9784563,196727469.56,15290253360.0,15250901400.0
2016-11-28,'002242,九阳股份,19.89,19.96,19.71,19.75,19.75,0.14,0.7089,0.4321,3308111,65647374.63,15267225870.0,15227933175.0
2016-11-25,'002242,九阳股份,19.75,19.76,19.47,19.74,19.69,0.06,0.3047,0.685,5244224,102833409.23,15159764250.0,15120748125.0
2016-11-24,'002242,九阳股份,19.69,20.03,19.6,19.91,20.01,-0.32,-1.5992,0.8851,6776298,133835657.22,15113709270.0,15074811675.0
2016-11-23,'002242,九阳股份,20.01,20.37,20.0,20.22,20.18,-0.17,-0.8424,0.5446,4169525,84118736.79,15359335830.0,15319806075.0
2016-11-22,'002242,九阳股份,20.18,20.36,20.08,20.21,20.25,-0.07,-0.3457,0.5249,4018877,81159895.06,15489824940.0,15449959350.0
2016-11-21,'002242,九阳股份,20.25,20.37,19.8,19.9,19.92,0.33,1.6566,1.206,9233137,186727976.32,15543555750.0,15503551875.0
2016-11-18,'002242,九阳股份,19.92,20.19,19.92,20.11,20.1,-0.18,-0.8955,0.6168,4722251,94436742.02,15290253360.0,15250901400.0
2016-11-17,'002242,九阳股份,20.1,20.19,19.86,19.92,19.9,0.2,1.005,0.7325,5608115,112560477.18,15428418300.0,15388710750.0
2016-11-16,'002242,九阳股份,19.9,19.96,19.84,19.88,19.89,0.01,0.0503,0.3094,2368995,47179193.28,15274901700.0,15235589250.0
2016-11-15,'002242,九阳股份,19.89,20.05,19.74,19.89,19.87,0.02,0.1007,0.4228,3237090,64265142.4,15267225870.0,15227933175.0
2016-11-14,'002242,九阳股份,19.87,20.18,19.84,20.09,20.1,-0.23,-1.1443,0.8101,6201950,124001775.84,15251874210.0,15212621025.0
2016-11-11,'002242,九阳股份,20.1,20.19,19.85,20.12,20.2,-0.1,-0.495,0.7711,5903586,117949623.26,15428418300.0,15388710750.0
2016-11-10,'002242,九阳股份,20.2,20.37,20.12,20.24,20.2,0.0,0.0,0.7943,6081033,123093136.84,15505176600.0,15465271500.0
2016-11-09,'002242,九阳股份,20.2,20.34,19.71,19.95,20.2,0.0,0.0,1.0047,7691997,154285139.64,15505176600.0,15465271500.0
2016-11-08,'002242,九阳股份,20.2,20.8,19.41,19.5,19.4,0.8,4.1237,1.5657,11987156,241576554.51,15505176600.0,15465271500.0
2016-11-07,'002242,九阳股份,19.4,19.6,19.33,19.49,19.49,-0.09,-0.4618,0.2759,2111943,40992011.84,14891110200.0,14852785500.0
2016-11-04,'002242,九阳股份,19.49,19.77,19.48,19.55,19.6,-0.11,-0.5612,0.2322,1777842,34843260.9,14960192670.0,14921690175.0
2016-11-03,'002242,九阳股份,19.6,19.98,19.21,19.23,19.31,0.29,1.5018,0.5103,3906563,76503722.22,15044626800.0,15005907000.0
2016-11-02,'002242,九阳股份,19.31,19.67,19.3,19.59,19.57,-0.26,-1.3286,0.3166,2423938,47134774.08,14822027730.0,14783880825.0
2016-11-01,'002242,九阳股份,19.57,19.59,19.45,19.5,19.47,0.1,0.5136,0.3233,2475528,48298256.43,15021599310.0,14982938775.0
2016-10-31,'002242,九阳股份,19.47,19.63,19.23,19.45,19.5,-0.03,-0.1538,0.5812,4449822,86363636.12,14944841010.0,14906378025.0
2016-10-28,'002242,九阳股份,19.5,20.06,19.48,19.88,19.98,-0.48,-2.4024,0.76,5818717,114714480.4,14967868500.0,14929346250.0
2016-10-27,'002242,九阳股份,19.98,20.07,19.81,19.92,19.98,0.0,0.0,0.3806,2913573,58085886.36,15336308340.0,15296837850.0
2016-10-26,'002242,九阳股份,19.98,20.1,19.91,19.97,19.91,0.07,0.3516,0.4396,3365584,67364234.06,15336308340.0,15296837850.0
2016-10-25,'002242,九阳股份,19.91,19.94,19.77,19.77,19.81,0.1,0.5048,0.3089,2364784,46985561.94,15282577530.0,15243245325.0
2016-10-24,'002242,九阳股份,19.81,19.85,19.65,19.69,19.7,0.11,0.5584,0.3761,2879126,56967263.23,15205819230.0,15166684575.0
2016-10-21,'002242,九阳股份,19.7,19.73,19.36,19.69,19.71,-0.01,-0.0507,0.5578,4270257,83451113.51,15121385100.0,15082467750.0
2016-10-20,'002242,九阳股份,19.71,19.8,19.65,19.77,19.73,-0.02,-0.1014,0.3051,2335795,46014254.79,15129060930.0,15090123825.0
2016-10-19,'002242,九阳股份,19.73,19.88,19.67,19.8,19.85,-0.12,-0.6045,0.3489,2671127,52759716.87,15144412590.0,15105435975.0
2016-10-18,'002242,九阳股份,19.85,19.85,19.66,19.74,19.73,0.12,0.6082,0.4812,3683999,72807030.07,15236522550.0,15197308875.0
2016-10-17,'002242,九阳股份,19.73,19.92,19.6,19.92,19.79,-0.06,-0.3032,0.4138,3168417,62505653.07,15144412590.0,15105435975.0
2016-10-14,'002242,九阳股份,19.79,20.05,19.7,19.9,19.99,-0.2,-1.0005,0.267,2044264,40510404.98,15190467570.0,15151372425.0
2016-10-13,'002242,九阳股份,19.99,20.35,19.92,20.24,20.27,-0.28,-1.3814,0.3383,2590273,52007162.4,15343984170.0,15304493925.0
2016-10-12,'002242,九阳股份,20.27,20.42,20.18,20.3,20.42,-0.15,-0.7346,0.2378,1820811,36891084.13,15558907410.0,15518864025.0
2016-10-11,'002242,九阳股份,20.42,20.46,20.3,20.4,20.37,0.05,0.2455,0.3384,2590728,52852326.9,15674044860.0,15633705150.0
2016-10-10,'002242,九阳股份,20.37,20.45,20.06,20.3,20.22,0.15,0.7418,0.4783,3661696,74282025.24,15635665710.0,15595424775.0
2016-09-30,'002242,九阳股份,20.22,20.39,19.66,19.72,19.71,0.51,2.5875,0.5365,4107496,82589081.63,15520528260.0,15480583650.0
2016-09-29,'002242,九阳股份,19.71,19.8,19.6,19.74,19.72,-0.01,-0.0507,0.232,1775845,35030543.38,15129060930.0,15090123825.0
2016-09-28,'002242,九阳股份,19.72,19.9,19.67,19.78,19.7,0.02,0.1015,0.3088,2364512,46686837.41,15136736760.0,15097779900.0
2016-09-27,'002242,九阳股份,19.7,19.75,19.6,19.6,19.61,0.09,0.4589,0.2516,1921058,37832433.7,15121385100.0,15044023200.0
2016-09-26,'002242,九阳股份,19.61,19.8,19.5,19.66,19.68,-0.07,-0.3557,0.2952,2254546,44359611.27,15052302630.0,14975294160.0
2016-09-23,'002242,九阳股份,19.68,19.79,19.58,19.66,19.73,-0.05,-0.2534,0.2954,2255812,44431339.8,15106033440.0,15028750080.0
2016-09-22,'002242,九阳股份,19.73,19.87,19.64,19.79,19.66,0.07,0.3561,0.3058,2335217,46069639.32,15144412590.0,15066932880.0
2016-09-21,'002242,九阳股份,19.66,19.89,19.6,19.81,19.8,-0.14,-0.7071,0.3789,2893407,57018289.29,15090681780.0,15013476960.0
2016-09-20,'002242,九阳股份,19.8,19.99,19.67,19.69,19.75,0.05,0.2532,0.2544,1942815,38532282.32,15198143400.0,15120388800.0
2016-09-19,'002242,九阳股份,19.75,19.82,19.59,19.62,19.63,0.12,0.6113,0.2397,1830700,36115909.27,15159764250.0,15082206000.0
2016-09-14,'002242,九阳股份,19.63,19.86,19.5,19.79,19.88,-0.25,-1.2575,0.2636,2012893,39563705.87,15067654290.0,14990567280.0
2016-09-13,'002242,九阳股份,19.88,19.95,19.48,19.9,19.73,0.15,0.7603,0.3674,2805386,55341904.11,15259550040.0,15181481280.0
2016-09-12,'002242,九阳股份,19.73,20.17,19.73,19.84,20.24,-0.51,-2.5198,0.3771,2879671,57244654.0,15144412590.0,15066932880.0
2016-09-09,'002242,九阳股份,20.24,20.76,20.19,20.63,20.63,-0.39,-1.8905,0.4601,3513502,71915988.08,15535879920.0,15456397440.0
2016-09-08,'002242,九阳股份,20.63,20.99,20.51,20.51,20.69,-0.06,-0.29,0.2591,1978347,40911129.25,15835237290.0,15754223280.0
2016-09-07,'002242,九阳股份,20.69,21.07,20.55,20.65,20.58,0.11,0.5345,0.6043,4614767,96141003.82,15881292270.0,15800042640.0
2016-09-06,'002242,九阳股份,20.58,20.6,20.1,20.3,20.3,0.28,1.3793,0.3801,2902962,59267969.53,15796858140.0,15716040480.0
2016-09-05,'002242,九阳股份,20.3,20.52,20.18,20.38,20.28,0.02,0.0986,0.2884,2202401,44796207.5,15581934900.0,15502216800.0
2016-09-02,'002242,九阳股份,20.28,20.56,20.03,20.56,20.3,-0.02,-0.0985,0.327,2497114,50673755.85,15566583240.0,15486943680.0
2016-09-01,'002242,九阳股份,20.3,20.64,20.24,20.45,20.56,-0.26,-1.2646,0.2799,2137300,43778858.51,15581934900.0,15502216800.0
2016-08-31,'002242,九阳股份,20.56,20.65,20.41,20.65,20.53,0.03,0.1461,0.2779,2121821,43549976.22,15781506480.0,15700767360.0
2016-08-30,'002242,九阳股份,20.53,20.79,20.5,20.68,20.68,-0.15,-0.7253,0.2338,1785484,36751716.54,15758478990.0,15677857680.0
2016-08-29,'002242,九阳股份,20.68,20.77,20.52,20.62,20.75,-0.07,-0.3373,0.3414,2607183,53874701.15,15873616440.0,15792406080.0
2016-08-26,'002242,九阳股份,20.75,20.81,20.35,20.62,20.65,0.1,0.4843,0.6046,4617322,95222963.08,15927347250.0,15845862000.0
2016-08-25,'002242,九阳股份,20.65,21.03,20.0,21.03,21.05,-0.4,-1.9002,1.1075,8457335,172793615.33,15850588950.0,15769496400.0
2016-08-24,'002242,九阳股份,21.05,21.27,20.93,21.27,21.2,-0.15,-0.7075,0.6113,4668231,98500639.99,16157622150.0,16074958800.0
2016-08-23,'002242,九阳股份,21.2,21.46,20.95,21.25,21.17,0.03,0.1417,1.2093,9234554,195679452.75,16272759600.0,16189507200.0
2016-08-22,'002242,九阳股份,21.17,21.47,20.45,20.55,20.65,0.52,2.5182,1.4599,11148857,235449530.74,16249732110.0,16166597520.0
2016-08-19,'002242,九阳股份,20.65,20.95,20.39,20.9,20.61,0.04,0.1941,0.5284,4035423,83265392.49,15850588950.0,15769496400.0
2016-08-18,'002242,九阳股份,20.61,20.99,20.5,20.92,20.93,-0.32,-1.5289,0.6591,5033421,104162836.9,15819885630.0,15738950160.0
2016-08-17,'002242,九阳股份,20.93,21.34,20.72,20.81,20.93,0.0,0.0,0.7712,5889561,123579773.85,16065512190.0,15983320080.0
2016-08-16,'002242,九阳股份,20.93,21.5,20.52,20.56,20.53,0.4,1.9484,0.9681,7392990,155268220.34,16065512190.0,15983320080.0
2016-08-15,'002242,九阳股份,20.53,20.68,20.01,20.22,20.23,0.3,1.4829,0.8709,6650428,135799818.91,15758478990.0,15677857680.0
2016-08-12,'002242,九阳股份,20.23,20.3,19.94,20.11,20.17,0.06,0.2975,0.7165,5471794,110040161.97,15528204090.0,15448760880.0
2016-08-11,'002242,九阳股份,20.17,20.79,20.12,20.33,20.45,-0.28,-1.3692,0.7385,5639294,115365305.22,15482149110.0,15402941520.0
2016-08-10,'002242,九阳股份,20.45,20.95,20.44,20.76,20.6,-0.15,-0.7282,0.5443,4156380,85868175.19,15697072350.0,15616765200.0
2016-08-09,'002242,九阳股份,20.6,21.04,20.44,20.5,20.57,0.03,0.1458,0.6405,4891479,100858058.68,15812209800.0,15731313600.0
2016-08-08,'002242,九阳股份,20.57,20.7,19.75,20.39,20.43,0.14,0.6853,0.941,7186058,145025171.21,15789182310.0,15708403920.0
2016-08-05,'002242,九阳股份,20.43,21.2,20.38,21.15,21.09,-0.66,-3.1294,1.2442,9501662,196827674.02,15681720690.0,15601492080.0
2016-08-04,'002242,九阳股份,21.09,21.29,20.83,21.03,21.33,-0.24,-1.1252,0.9216,7038035,147747525.87,16188325470.0,16105505040.0
2016-08-03,'002242,九阳股份,21.33,21.7,20.91,21.12,21.33,0.0,0.0,1.0672,8149507,173750213.1,16372545390.0,16288782480.0
2016-08-02,'002242,九阳股份,21.33,21.48,20.62,21.32,21.52,-0.19,-0.8829,1.4621,11165688,234977244.05,16372545390.0,16288782480.0
2016-08-01,'002242,九阳股份,21.52,21.65,20.87,21.61,21.89,-0.37,-1.6903,1.698,12966880,276217149.97,16518386160.0,16433877120.0
2016-07-29,'002242,九阳股份,21.89,22.4,20.62,20.75,20.8,1.09,5.2404,2.7573,21056329,453631585.69,16802391870.0,16716429840.0
2016-07-28,'002242,九阳股份,20.8,20.95,20.01,20.25,20.33,0.47,2.3119,1.4695,11222161,231421007.62,15965726400.0,15884044800.0
2016-07-27,'002242,九阳股份,20.33,20.55,19.56,20.5,20.39,-0.06,-0.2943,1.7506,13368532,269743605.45,15604962390.0,15525126480.0
2016-07-26,'002242,九阳股份,20.39,20.56,19.95,19.96,20.05,0.34,1.6958,0.9075,6929977,141276721.3,15651017370.0,15570945840.0
2016-07-25,'002242,九阳股份,20.05,20.19,19.27,19.51,19.51,0.54,2.7678,1.0281,7850907,155687468.39,15390039150.0,15311302800.0
2016-07-22,'002242,九阳股份,19.51,20.06,19.4,19.92,20.05,-0.54,-2.6933,0.8753,6684053,131552746.7,14975544330.0,14898928560.0
2016-07-21,'002242,九阳股份,20.05,20.36,19.9,20.24,20.25,-0.2,-0.9877,0.855,6528880,131686398.66,15390039150.0,15311302800.0
2016-07-20,'002242,九阳股份,20.25,20.46,19.7,19.7,19.7,0.55,2.7919,1.1764,8983375,180584894.81,15543555750.0,15464034000.0
2016-07-19,'002242,九阳股份,19.7,20.04,19.55,19.83,19.85,-0.15,-0.7557,1.0631,8118547,160679472.26,15121385100.0,15044023200.0
2016-07-18,'002242,九阳股份,19.85,20.35,19.53,20.06,19.93,-0.08,-0.4014,1.5601,11913724,238578333.99,15236522550.0,15158571600.0
2016-07-15,'002242,九阳股份,19.93,20.1,19.42,19.83,19.7,0.23,1.1675,1.5805,12069784,239231662.69,15297929190.0,15219664080.0
2016-07-14,'002242,九阳股份,19.7,19.95,19.32,19.5,19.58,0.12,0.6129,1.5071,11508887,226161354.21,15121385100.0,15044023200.0
2016-07-13,'002242,九阳股份,19.58,19.72,19.2,19.52,19.54,0.04,0.2047,2.041,15585906,303349290.75,15029275140.0,14952384480.0
2016-07-12,'002242,九阳股份,19.54,19.7,18.38,18.47,18.55,0.99,5.3369,3.2702,24972846,481281365.98,14998571820.0,14921838240.0
2016-07-11,'002242,九阳股份,18.55,18.9,18.35,18.4,18.43,0.12,0.6511,1.332,10171621,189876994.22,14238664650.0,14165818800.0
2016-07-08,'002242,九阳股份,18.43,18.57,18.26,18.4,18.46,-0.03,-0.1625,0.914,6979456,128573858.66,14146554690.0,14074180080.0
2016-07-07,'002242,九阳股份,18.46,18.58,18.24,18.5,18.4,0.06,0.3261,1.0091,7706013,141882085.8,14169582180.0,14097089760.0
2016-07-06,'002242,九阳股份,18.4,18.54,18.2,18.47,18.45,-0.05,-0.271,1.0215,7800449,143211888.43,14123527200.0,14051270400.0
2016-07-05,'002242,九阳股份,18.45,18.57,18.3,18.4,18.39,0.06,0.3263,1.0118,7727014,142453115.48,14161906350.0,14089453200.0
2016-07-04,'002242,九阳股份,18.39,18.45,17.92,18.0,18.19,0.2,1.0995,1.1601,8859468,162101464.71,14115851370.0,14043633840.0
2016-07-01,'002242,九阳股份,18.19,18.45,18.09,18.15,18.18,0.01,0.055,1.0269,7841903,143392609.51,13962334770.0,13890902640.0
2016-06-30,'002242,九阳股份,18.18,18.29,17.9,18.04,18.03,0.15,0.8319,1.1967,9138320,165420321.33,13954658940.0,13883266080.0
2016-06-29,'002242,九阳股份,18.03,18.23,17.9,18.19,18.16,-0.13,-0.7159,0.9157,6992906,125992487.19,13839521490.0,13768717680.0
2016-06-28,'002242,九阳股份,18.16,18.3,17.8,17.95,17.73,0.43,2.4253,1.4808,11308236,204668295.92,13939307280.0,13867992960.0
2016-06-27,'002242,九阳股份,17.73,17.77,17.2,17.29,17.35,0.38,2.1902,0.7035,5372598,94602604.64,13609246590.0,13539620880.0
2016-06-24,'002242,九阳股份,17.35,17.8,17.0,17.7,17.63,-0.28,-1.5882,0.9074,6929518,120546034.44,13317565050.0,13249431600.0
2016-06-23,'002242,九阳股份,17.63,17.94,17.62,17.7,17.8,-0.17,-0.9551,0.6454,4928544,87401559.85,13532488290.0,13463255280.0
2016-06-22,'002242,九阳股份,17.8,17.8,17.5,17.63,17.72,0.08,0.4515,0.5894,4500683,79430420.52,13662977400.0,13593076800.0
2016-06-21,'002242,九阳股份,17.72,18.12,17.57,18.0,17.92,-0.2,-1.1161,1.0207,7794722,139149222.18,13601570760.0,13531984320.0
2016-06-20,'002242,九阳股份,17.92,18.17,17.82,17.9,17.82,0.1,0.5612,0.7939,6062754,109119323.98,13755087360.0,13684715520.0
2016-06-17,'002242,九阳股份,17.82,18.1,17.61,17.84,17.8,0.02,0.1124,0.5657,4320073,77323423.04,13678329060.0,13608349920.0
2016-06-16,'002242,九阳股份,17.8,18.12,17.65,17.65,17.78,0.02,0.1125,0.8139,6215421,111331318.78,13662977400.0,13593076800.0
2016-06-15,'002242,九阳股份,17.78,17.95,17.03,17.3,17.43,0.35,2.008,0.8473,6470401,114651518.86,13647625740.0,13577803680.0
2016-06-14,'002242,九阳股份,17.43,17.6,17.22,17.43,17.43,0.0,0.0,0.6756,5158910,89940880.73,13378971690.0,13310524080.0
2016-06-13,'002242,九阳股份,17.43,18.34,17.43,18.03,18.5,-1.07,-5.7838,0.9708,7413259,132891240.17,13378971690.0,13310524080.0
2016-06-08,'002242,九阳股份,18.5,18.71,18.17,18.7,18.71,-0.21,-1.1224,0.8652,6607231,121659795.74,14200285500.0,14127636000.0
2016-06-07,'002242,九阳股份,18.71,18.72,18.41,18.66,18.6,0.11,0.5914,0.8176,6243543,115823473.86,14361477930.0,14288003760.0
2016-06-06,'002242,九阳股份,18.6,18.8,18.46,18.8,18.81,-0.21,-1.1164,1.1427,8726576,162340261.9,14277043800.0,14204001600.0
2016-06-03,'002242,九阳股份,18.81,18.97,17.86,18.03,18.02,0.79,4.384,2.0166,15399813,282423730.69,14438236230.0,14364369360.0
2016-06-02,'002242,九阳股份,18.02,18.19,17.8,18.0,17.91,0.11,0.6142,1.4482,11059399,198218762.12,13831845660.0,13761081120.0
2016-06-01,'002242,九阳股份,17.91,18.24,17.88,17.99,18.04,-0.13,-0.7206,1.2155,9282618,167326946.96,13747411530.0,13677078960.0
2016-05-31,'002242,九阳股份,18.04,18.07,17.29,17.29,17.29,0.75,4.3378,1.6174,12351484,219593284.35,13847197320.0,13776354240.0
2016-05-30,'002242,九阳股份,17.29,17.7,17.24,17.45,17.45,-0.16,-0.9169,0.6323,4828544,84413310.84,13271510070.0,13203612240.0
2016-05-27,'002242,九阳股份,17.45,17.66,17.4,17.59,17.56,-0.11,-0.6264,0.5569,4252639,74498356.74,13394323350.0,13325797200.0
2016-05-26,'002242,九阳股份,17.56,17.78,17.2,17.78,17.73,-0.17,-0.9588,0.7287,5564438,97141318.83,13478757480.0,13409799360.0
2016-05-25,'002242,九阳股份,17.73,17.9,17.31,17.79,17.63,0.1,0.5672,0.7944,6066637,107015243.97,13609246590.0,13539620880.0
2016-05-24,'002242,九阳股份,17.63,17.97,17.53,17.97,17.98,-0.35,-1.9466,0.6394,4882742,86195741.95,13532488290.0,13463255280.0
2016-05-23,'002242,九阳股份,17.98,17.99,17.67,17.78,17.8,0.18,1.0112,0.9329,7124116,127125227.89,13801142340.0,13730534880.0
2016-05-20,'002242,九阳股份,17.8,17.9,17.33,17.51,17.65,0.15,0.8499,0.7645,5838266,103226121.8,13662977400.0,13593076800.0
2016-05-19,'002242,九阳股份,17.65,18.07,17.56,17.6,17.68,-0.03,-0.1697,0.8759,6689178,119042537.66,13547839950.0,13478528400.0
2016-05-18,'002242,九阳股份,17.68,18.42,17.0,18.37,18.6,-0.92,-4.9462,1.5635,11939949,212355901.17,13570867440.0,13501438080.0
2016-05-17,'002242,九阳股份,18.6,19.5,18.4,19.5,19.34,-0.74,-3.8263,1.6079,12278471,230177175.29,14277043800.0,14204001600.0
2016-05-16,'002242,九阳股份,20.04,20.24,19.48,19.57,19.67,0.37,1.881,1.2446,9504603,189137933.31,15382363320.0,15303666240.0
2016-05-13,'002242,九阳股份,19.67,20.5,19.5,20.1,20.15,-0.48,-2.3821,1.1668,8910413,178164357.58,15098357610.0,15021113520.0
2016-05-12,'002242,九阳股份,20.15,20.58,18.72,19.94,20.6,-0.45,-2.1845,1.9205,14666318,290054360.05,15466797450.0,15387668400.0
2016-05-11,'002242,九阳股份,20.6,21.5,20.6,21.14,20.99,-0.39,-1.858,3.3113,25287149,532404653.4,15812209800.0,15731313600.0
2016-05-10,'002242,九阳股份,20.99,21.06,19.5,19.93,19.85,1.14,5.7431,2.4166,18454176,379990368.96,16111567170.0,16029139440.0
2016-05-09,'002242,九阳股份,19.85,20.71,19.1,19.67,19.81,0.04,0.2019,1.3605,10389785,206992166.83,15239936750.0,15158571600.0
2016-05-06,'002242,九阳股份,19.81,20.91,19.5,20.7,20.68,-0.87,-4.207,1.3336,10184345,205769972.97,15209226550.0,15128025360.0
2016-05-05,'002242,九阳股份,20.68,21.07,20.38,20.55,20.72,-0.04,-0.1931,1.12,8553200,176864266.24,15877173400.0,15792406080.0
2016-05-04,'002242,九阳股份,20.72,21.21,20.09,20.25,20.32,0.4,1.9685,2.2981,17549539,367026082.36,15907883600.0,15822952320.0
2016-05-03,'002242,九阳股份,20.32,20.39,19.51,19.51,19.74,0.58,2.9382,1.3073,9983229,200331314.12,15600781600.0,15517489920.0
2016-04-29,'002242,九阳股份,19.74,20.34,19.68,20.03,20.31,-0.57,-2.8065,0.8702,6645186,132931380.78,15155483700.0,15074569440.0
2016-04-28,'002242,九阳股份,20.31,20.46,19.55,20.29,20.49,-0.18,-0.8785,1.3369,10209361,204489828.24,15593104050.0,15509853360.0
2016-04-27,'002242,九阳股份,20.49,20.96,19.47,19.66,19.67,0.82,4.1688,2.3263,17765289,361365579.32,15731299950.0,15647311440.0
2016-04-26,'002242,九阳股份,19.67,19.78,19.06,19.47,19.41,0.26,1.3395,1.4338,10949059,213022709.6,15101740850.0,15021113520.0
2016-04-25,'002242,九阳股份,19.41,19.97,19.01,19.18,19.17,0.24,1.252,2.6236,20035628,392017108.02,14902124550.0,14822562960.0
2016-04-22,'002242,九阳股份,19.17,19.17,17.2,17.2,17.43,1.74,9.9828,2.2332,17054175,316096072.12,14717863350.0,14639285520.0
2016-04-21,'002242,九阳股份,17.43,17.86,17.4,17.5,17.64,-0.21,-1.1905,0.8582,6553772,115771687.23,13381969650.0,13310524080.0
2016-04-20,'002242,九阳股份,17.64,19.24,17.5,19.01,18.95,-1.31,-6.9129,1.4363,10968659,200313438.51,13543198200.0,13470891840.0
2016-04-19,'002242,九阳股份,18.95,19.19,18.72,19.02,18.9,0.05,0.2646,0.6693,5110911,96538582.15,14548957250.0,14471281200.0
2016-04-18,'002242,九阳股份,18.9,19.71,18.88,19.71,19.81,-0.91,-4.5936,1.3002,9929170,189395138.96,14510569500.0,14433098400.0
2016-04-15,'002242,九阳股份,19.81,19.97,19.59,19.96,19.81,0.0,0.0,0.8572,6546115,129309453.41,15209226550.0,15128025360.0
2016-04-14,'002242,九阳股份,19.81,20.24,19.4,20.0,19.88,-0.07,-0.3521,1.4209,10850895,214132675.52,15209226550.0,15128025360.0
2016-04-13,'002242,九阳股份,19.88,20.52,19.4,19.6,19.53,0.35,1.7921,2.0329,15524653,310661386.33,15262969400.0,15181481280.0
2016-04-12,'002242,九阳股份,19.53,19.77,19.1,19.39,19.48,0.05,0.2567,1.4141,10798893,210340153.49,14994255150.0,14914201680.0
2016-04-11,'002242,九阳股份,19.48,19.87,18.4,18.41,18.26,1.22,6.6813,2.4426,18653051,355631759.62,14955867400.0,14876018880.0
2016-04-08,'002242,九阳股份,18.26,18.6,18.05,18.18,18.2,0.06,0.3297,0.8464,6463942,118209763.19,14019206300.0,13944358560.0
2016-04-07,'002242,九阳股份,18.2,18.78,18.03,18.61,18.6,-0.4,-2.1505,1.2495,9541983,174952125.49,13973141000.0,13898539200.0
2016-04-06,'002242,九阳股份,18.6,18.68,18.4,18.65,18.74,-0.14,-0.7471,1.1792,9005291,167029192.52,14280243000.0,14204001600.0
2016-04-05,'002242,九阳股份,18.74,18.87,18.18,18.54,18.38,0.36,1.9587,1.6126,12314591,228188197.19,14387728700.0,14310913440.0
2016-04-01,'002242,九阳股份,18.38,18.65,17.91,17.95,18.21,0.17,0.9336,1.5852,12105249,222336389.6,14111336900.0,14035997280.0
2016-03-31,'002242,九阳股份,18.21,18.74,18.13,18.32,18.21,0.0,0.0,1.4096,10764526,198278067.68,13980818550.0,13906175760.0
2016-03-30,'002242,九阳股份,18.21,18.29,17.75,18.19,17.86,0.35,1.9597,1.3808,10544436,190187909.93,13980818550.0,13906175760.0
2016-03-29,'002242,九阳股份,17.86,18.35,17.61,17.61,17.84,0.02,0.1121,1.5455,11802039,212397069.27,13712104300.0,13638896160.0
2016-03-28,'002242,九阳股份,17.84,18.56,17.68,17.7,17.37,0.47,2.7058,2.4691,18855660,341455047.41,13696749200.0,13623623040.0
2016-03-25,'002242,九阳股份,17.37,17.51,17.06,17.42,17.24,0.13,0.7541,0.9234,7051683,121857003.91,13335904350.0,13264704720.0
2016-03-24,'002242,九阳股份,17.24,17.71,17.15,17.69,17.82,-0.58,-3.2548,1.4322,10936955,190730423.12,13236096200.0,13165429440.0
2016-03-23,'002242,九阳股份,17.82,17.89,17.51,17.68,18.0,-0.18,-1.0,1.7275,13191861,233412860.57,13681394100.0,13608349920.0
2016-03-22,'002242,九阳股份,18.0,18.35,17.2,17.4,17.26,0.74,4.2874,3.3128,25298679,451769273.23,13819590000.0,13745808000.0
2016-03-21,'002242,九阳股份,17.26,17.56,16.82,17.1,17.0,0.26,1.5294,2.0446,15613503,268219961.73,13251451300.0,13180702560.0
2016-03-18,'002242,九阳股份,17.0,17.1,16.51,16.76,16.5,0.5,3.0303,1.6602,12678315,213780240.24,13051835000.0,12982152000.0
2016-03-17,'002242,九阳股份,16.5,16.58,15.97,16.19,16.15,0.35,2.1672,1.6176,12353219,201775330.05,12667957500.0,12600324000.0
2016-03-16,'002242,九阳股份,16.15,16.46,15.48,16.1,16.01,0.14,0.8745,1.3614,10396580,166453217.69,12399243250.0,12333044400.0
2016-03-15,'002242,九阳股份,16.01,16.45,15.86,16.22,16.35,-0.34,-2.0795,0.9898,7558540,121456966.87,12291757550.0,12226132560.0
2016-03-14,'002242,九阳股份,16.35,16.64,15.72,15.72,15.6,0.75,4.8077,1.1976,9145797,148838089.36,12552794250.0,12485775600.0
2016-03-11,'002242,九阳股份,15.6,15.89,15.4,15.52,15.73,-0.13,-0.8264,0.7165,5471454,85713868.21,11976978000.0,11913033600.0
2016-03-10,'002242,九阳股份,15.73,16.14,15.41,15.45,15.48,0.25,1.615,1.2179,9300220,146815636.28,12076786150.0,12012308880.0
2016-03-09,'002242,九阳股份,15.48,15.93,15.21,15.45,15.71,-0.23,-1.464,0.7166,5472000,85293736.23,11884847400.0,11821394880.0
2016-03-08,'002242,九阳股份,15.71,15.79,15.03,15.58,15.69,0.02,0.1275,0.9659,7376002,113638193.8,12061431050.0,11997035760.0
2016-03-07,'002242,九阳股份,15.69,15.92,15.58,15.62,15.4,0.29,1.8831,0.7126,5442022,85683758.88,12046075950.0,11981762640.0
2016-03-04,'002242,九阳股份,15.4,16.18,15.1,15.98,15.95,-0.55,-3.4483,1.0033,7661971,119610689.68,11823427000.0,11760302400.0
2016-03-03,'002242,九阳股份,15.95,16.45,15.68,15.68,15.79,0.16,1.0133,1.352,10324633,165835758.53,12245692250.0,12180313200.0
2016-03-02,'002242,九阳股份,15.79,15.9,15.0,15.08,15.07,0.72,4.7777,1.2918,9864777,153083999.0,12122851450.0,12058128240.0
2016-03-01,'002242,九阳股份,15.07,15.2,14.63,14.91,14.91,0.16,1.0731,0.9587,7321060,109498625.59,11570067850.0,11508295920.0
2016-02-29,'002242,九阳股份,14.91,15.88,14.4,15.85,15.84,-0.93,-5.8712,1.169,8926974,133120713.36,11447227050.0,11386110960.0
2016-02-26,'002242,九阳股份,15.84,16.19,15.5,16.01,15.78,0.06,0.3802,0.9416,7190712,114141940.86,12161239200.0,12096311040.0
2016-02-25,'002242,九阳股份,15.78,17.56,15.7,17.35,17.38,-1.6,-9.206,1.7712,13525890,223555648.64,12115173900.0,12050491680.0
2016-02-24,'002242,九阳股份,17.38,17.48,17.05,17.28,17.25,0.13,0.7536,1.0859,8292779,143186997.51,13343581900.0,13272341280.0
2016-02-23,'002242,九阳股份,17.25,17.62,17.04,17.37,17.28,-0.03,-0.1736,1.2764,9747062,168826705.62,13243773750.0,13173066000.0
2016-02-22,'002242,九阳股份,17.28,17.44,17.11,17.44,17.11,0.17,0.9936,1.1396,8702273,150212358.32,13266806400.0,13195975680.0
2016-02-19,'002242,九阳股份,17.11,17.44,16.85,16.85,17.01,0.1,0.5879,1.1598,8856720,152015106.67,13136288050.0,13066154160.0
2016-02-18,'002242,九阳股份,17.01,17.8,16.96,17.26,17.26,-0.25,-1.4484,1.6603,12678646,218762427.19,13059512550.0,12989788560.0
2016-02-17,'002242,九阳股份,17.26,17.46,16.41,16.62,16.62,0.64,3.8508,1.7987,13735666,233864689.07,13251451300.0,13180702560.0
2016-02-16,'002242,九阳股份,16.62,16.8,16.09,16.18,15.98,0.64,4.005,1.2044,9197343,151626081.8,12760088100.0,12691962720.0
2016-02-15,'002242,九阳股份,15.98,16.19,15.4,15.4,16.07,-0.09,-0.56,0.7273,5554201,88431610.96,12268724900.0,12203222880.0
2016-02-05,'002242,九阳股份,16.07,16.35,15.95,16.28,16.25,-0.18,-1.1077,0.9019,6887226,111213328.86,12337822850.0,12271951920.0
2016-02-04,'002242,九阳股份,16.25,16.49,15.8,15.9,15.95,0.3,1.8809,1.3205,10084294,163346944.28,12476018750.0,12409410000.0
2016-02-03,'002242,九阳股份,15.95,16.54,15.33,15.38,15.66,0.29,1.8519,1.0044,7670428,122925215.83,12245692250.0,12180313200.0
2016-02-02,'002242,九阳股份,15.66,15.8,15.15,15.3,15.11,0.55,3.64,1.0211,7797513,121401534.25,12023043300.0,11958852960.0
2016-02-01,'002242,九阳股份,15.11,15.62,14.92,15.51,15.52,-0.41,-2.6418,0.8785,6708942,102286597.19,11600778050.0,11538842160.0
2016-01-29,'002242,九阳股份,15.52,15.75,14.9,14.99,14.95,0.57,3.8127,1.0865,8297292,127463405.7,11915557600.0,11851941120.0
2016-01-28,'002242,九阳股份,14.95,15.91,14.6,15.62,15.92,-0.97,-6.093,1.1509,8789163,134999126.32,11477937250.0,11416657200.0
2016-01-27,'002242,九阳股份,15.92,16.74,14.8,16.58,16.41,-0.49,-2.986,1.6258,12415410,194332217.81,12222659600.0,12157403520.0
2016-01-26,'002242,九阳股份,16.41,18.35,16.02,17.5,17.77,-1.36,-7.6533,1.8951,14471877,248613262.8,12598859550.0,12531594960.0
2016-01-25,'002242,九阳股份,17.77,18.28,17.61,18.1,17.96,-0.19,-1.0579,1.28,9774421,174892380.9,13643006350.0,13570167120.0
2016-01-22,'002242,九阳股份,17.96,18.1,17.36,18.0,17.69,0.27,1.5263,1.8208,13904745,247350882.45,13788879800.0,13715261760.0
2016-01-21,'002242,九阳股份,17.69,18.79,16.5,16.65,17.11,0.58,3.3898,2.7219,20786103,367536182.99,13581585950.0,13509074640.0
2016-01-20,'002242,九阳股份,17.11,17.79,17.01,17.5,17.45,-0.34,-1.9484,1.4856,11344753,197012110.43,13136288050.0,13066154160.0
2016-01-19,'002242,九阳股份,17.45,17.48,16.76,16.86,16.76,0.69,4.1169,1.3798,10537172,180747973.55,13397324750.0,13325797200.0
2016-01-18,'002242,九阳股份,16.76,17.2,16.01,16.3,16.55,0.21,1.2689,1.2206,9321143,155800539.76,12867573800.0,12798874560.0
2016-01-15,'002242,九阳股份,16.55,17.89,16.0,17.17,17.35,-0.8,-4.611,1.5291,11676689,198477570.67,12706345250.0,12638506800.0
2016-01-14,'002242,九阳股份,17.35,17.54,15.8,15.8,16.95,0.4,2.3599,1.8536,14154835,236560510.68,13320549250.0,13249431600.0
2016-01-13,'002242,九阳股份,16.95,19.14,16.92,18.0,18.37,-1.42,-7.73,2.1858,16691786,304881645.48,13013447250.0,12943969200.0
2016-01-12,'002242,九阳股份,18.37,18.37,18.37,18.37,20.41,-2.04,-9.9951,0.4185,3195800,58706846.0,14103659350.0,14028360720.0
2016-01-11,'002242,九阳股份,20.41,20.41,20.41,20.41,22.68,-2.27,-10.0088,0.2703,2064100,42128281.0,15669879550.0,15586218960.0
2016-01-08,'002242,九阳股份,0.0,0.0,0.0,0.0,22.68,None,None,0.0,0,0.0,17412683400.0,17319718080.0
2016-01-07,'002242,九阳股份,0.0,0.0,0.0,0.0,22.68,None,None,0.0,0,0.0,17412683400.0,17319718080.0
2016-01-06,'002242,九阳股份,0.0,0.0,0.0,0.0,22.68,None,None,0.0,0,0.0,17412683400.0,17319718080.0
2016-01-05,'002242,九阳股份,0.0,0.0,0.0,0.0,22.68,None,None,0.0,0,0.0,17412683400.0,17319718080.0
2016-01-04,'002242,九阳股份,0.0,0.0,0.0,0.0,22.68,None,None,0.0,0,0.0,17412683400.0,17319718080.0
2015-12-31,'002242,九阳股份,0.0,0.0,0.0,0.0,22.68,None,None,0.0,0,0.0,17412683400.0,17319718080.0
2015-12-30,'002242,九阳股份,0.0,0.0,0.0,0.0,22.68,None,None,0.0,0,0.0,17412683400.0,17319718080.0
2015-12-29,'002242,九阳股份,0.0,0.0,0.0,0.0,22.68,None,None,0.0,0,0.0,17412683400.0,17319718080.0
2015-12-28,'002242,九阳股份,0.0,0.0,0.0,0.0,22.68,None,None,0.0,0,0.0,17412683400.0,17319718080.0
2015-12-25,'002242,九阳股份,0.0,0.0,0.0,0.0,22.68,None,None,0.0,0,0.0,17412683400.0,17319718080.0
2015-12-24,'002242,九阳股份,0.0,0.0,0.0,0.0,22.68,None,None,0.0,0,0.0,17412683400.0,17319718080.0
2015-12-23,'002242,九阳股份,22.68,23.33,22.65,23.02,23.0,-0.32,-1.3913,1.8452,14091310,323663243.11,17412683400.0,17319718080.0
2015-12-22,'002242,九阳股份,23.0,23.58,22.7,23.58,23.4,-0.4,-1.7094,2.2568,17234332,397121885.48,17658365000.0,17564088000.0
2015-12-21,'002242,九阳股份,23.4,23.7,22.53,22.8,23.15,0.25,1.0799,3.2605,24899298,578101854.3,17965467000.0,17869550400.0
2015-12-18,'002242,九阳股份,23.15,24.29,22.1,22.3,22.09,1.06,4.7986,6.5955,50366897,1181003049.33,17773528250.0,17678636400.0
2015-12-17,'002242,九阳股份,22.09,22.35,21.68,21.68,21.68,0.41,1.8911,2.5079,19151691,421842845.56,16959707950.0,16869161040.0
2015-12-16,'002242,九阳股份,21.68,21.81,21.26,21.54,21.4,0.28,1.3084,2.0032,15297451,329619371.05,16644928400.0,16556062080.0
2015-12-15,'002242,九阳股份,21.4,21.6,21.14,21.25,21.21,0.19,0.8958,1.5385,11749158,251147372.39,16429957000.0,16342238400.0
2015-12-14,'002242,九阳股份,21.21,21.3,20.5,20.8,20.97,0.24,1.1445,1.5014,11465835,239570298.18,16284083550.0,16197143760.0
2015-12-11,'002242,九阳股份,20.97,21.68,20.8,21.48,21.49,-0.52,-2.4197,1.6094,12290641,259969605.08,16099822350.0,16013866320.0
2015-12-10,'002242,九阳股份,21.49,21.71,20.97,21.3,21.18,0.31,1.4636,2.121,16197351,345035116.73,16499054950.0,16410967440.0
2015-12-09,'002242,九阳股份,21.18,21.32,20.85,20.85,21.07,0.11,0.5221,1.7198,13133606,277130298.29,16261050900.0,16174234080.0
2015-12-08,'002242,九阳股份,21.07,21.75,20.9,21.75,21.74,-0.67,-3.0819,1.9972,15251917,322951745.81,16176597850.0,16090231920.0
2015-12-07,'002242,九阳股份,21.74,21.88,21.39,21.7,21.97,-0.23,-1.0469,1.8764,14329321,310236481.21,16690993700.0,16601881440.0
2015-12-04,'002242,九阳股份,21.97,22.38,21.3,21.7,21.69,0.28,1.2909,2.9875,22814588,498658140.75,16867577350.0,16777522320.0
2015-12-03,'002242,九阳股份,21.69,21.78,21.1,21.55,21.45,0.24,1.1189,2.3859,18220259,390700010.46,16652605950.0,16563698640.0
2015-12-02,'002242,九阳股份,21.45,21.8,20.81,20.9,20.85,0.6,2.8777,2.8263,21582997,460947205.26,16468344750.0,16380421200.0
2015-12-01,'002242,九阳股份,20.85,21.1,20.66,21.08,21.05,-0.2,-0.9501,2.1356,16308416,340123837.28,16007691750.0,15922227600.0
2015-11-30,'002242,九阳股份,21.05,22.17,19.81,21.72,21.83,-0.78,-3.5731,3.4382,26255884,552200311.67,16161242750.0,16074958800.0
2015-11-27,'002242,九阳股份,21.83,23.83,21.59,23.81,23.99,-2.16,-9.0038,4.3704,33375091,760345461.16,16760091650.0,16670610480.0
2015-11-26,'002242,九阳股份,23.99,24.5,23.8,23.92,24.65,-0.66,-2.6775,4.8042,36687588,881884276.21,18418442450.0,18320107440.0
2015-11-25,'002242,九阳股份,24.65,26.91,24.6,25.23,24.46,0.19,0.7768,9.1092,69563081,1791362947.13,18925160750.0,18824120400.0
2015-11-24,'002242,九阳股份,24.46,24.68,23.82,24.31,24.32,0.14,0.5757,2.9541,22559142,548686679.82,18779287300.0,18679025760.0
2015-11-23,'002242,九阳股份,24.32,24.4,23.65,24.0,24.14,0.18,0.7457,3.3781,25797333,620405371.81,18671801600.0,18572113920.0
2015-11-20,'002242,九阳股份,24.14,24.68,23.5,23.95,23.95,0.19,0.7933,4.0927,31253866,754495218.03,18533605700.0,18434655840.0
2015-11-19,'002242,九阳股份,23.95,24.22,23.0,23.7,23.86,0.09,0.3772,3.7682,28775860,679424016.26,18387732250.0,18289561200.0
2015-11-18,'002242,九阳股份,23.86,25.3,23.66,25.02,25.41,-1.55,-6.1,5.3008,40480054,988790509.86,18318634300.0,18220832160.0
2015-11-17,'002242,九阳股份,25.41,26.84,24.58,24.78,24.4,1.01,4.1393,10.1423,77452220,2021483461.39,19508654550.0,19404498960.0
2015-11-16,'002242,九阳股份,24.4,24.5,23.6,23.78,24.28,0.12,0.4942,2.9944,22866914,553663414.17,18733222000.0,18633206400.0
2015-11-13,'002242,九阳股份,24.28,25.28,23.55,24.33,24.6,-0.32,-1.3008,4.5819,34990147,855009127.24,18641091400.0,18541567680.0
2015-11-12,'002242,九阳股份,24.6,25.24,23.97,24.99,24.95,-0.35,-1.4028,5.0988,38937227,949539598.35,18886773000.0,18785937600.0
2015-11-11,'002242,九阳股份,24.95,25.67,24.51,24.98,24.72,0.23,0.9304,4.7428,36218930,909109552.63,19155487250.0,19053217200.0
2015-11-10,'002242,九阳股份,24.72,25.49,24.5,24.88,25.25,-0.53,-2.099,5.1737,39509612,985259733.13,18978903600.0,18877576320.0
2015-11-09,'002242,九阳股份,25.25,25.7,22.66,23.23,23.41,1.84,7.8599,6.4226,49046202,1172914398.93,19385813750.0,19282314000.0
2015-11-06,'002242,九阳股份,23.41,23.85,23.07,23.14,23.14,0.27,1.1668,4.2505,32459339,759996711.54,17973144550.0,17877186960.0
2015-11-05,'002242,九阳股份,23.14,23.85,23.0,23.42,23.69,-0.55,-2.3217,4.8929,37364961,871190749.44,17765850700.0,17670999840.0
2015-11-04,'002242,九阳股份,23.69,23.72,22.2,22.44,22.19,1.5,6.7598,4.9673,37932789,873673862.69,18188115950.0,18091010640.0
2015-11-03,'002242,九阳股份,22.19,23.27,21.78,22.55,22.48,-0.29,-1.29,3.5448,27070345,603362445.89,17036483450.0,16945526640.0
2015-11-02,'002242,九阳股份,22.48,24.4,22.0,23.04,24.05,-1.57,-6.5281,4.3413,33152295,772487863.43,17259132400.0,17166986880.0
2015-10-30,'002242,九阳股份,24.05,24.9,23.6,24.51,25.02,-0.97,-3.8769,4.8142,36764253,889837697.88,18464507750.0,18365926800.0
2015-10-29,'002242,九阳股份,25.02,25.59,24.1,24.63,24.81,0.21,0.8464,5.6561,43193451,1079325035.3,19209230100.0,19106673120.0
2015-10-28,'002242,九阳股份,24.81,27.89,24.6,27.2,26.5,-1.69,-6.3774,8.8198,67352968,1758640108.15,19048001550.0,18946305360.0
2015-10-27,'002242,九阳股份,26.5,26.5,24.2,24.49,24.09,2.41,10.0042,8.722,66606325,1704750021.28,20345507500.0,20236884000.0
2015-10-26,'002242,九阳股份,24.09,25.0,23.03,25.0,25.33,-1.24,-4.8954,7.2319,55226654,1331678828.83,18495217950.0,18396473040.0
2015-10-23,'002242,九阳股份,25.33,26.3,23.82,24.0,24.56,0.77,3.1352,9.481,72402400,1819409886.39,19447234150.0,19343406480.0
2015-10-22,'002242,九阳股份,24.56,24.99,22.46,22.63,22.89,1.67,7.2958,8.5046,64945675,1556296278.63,18856062800.0,18755391360.0
2015-10-21,'002242,九阳股份,22.89,26.47,22.89,25.5,25.43,-2.54,-9.9882,8.8831,67836145,1677438986.64,17573911950.0,17480085840.0
2015-10-20,'002242,九阳股份,25.43,26.11,24.51,25.98,26.58,-1.15,-4.3266,9.127,69699240,1768456690.43,19524009650.0,19419772080.0
2015-10-19,'002242,九阳股份,26.58,28.2,25.0,26.3,25.67,0.91,3.545,12.984,99152839,2629479760.92,20406927900.0,20297976480.0
2015-10-16,'002242,九阳股份,25.67,25.67,24.33,24.88,23.34,2.33,9.9829,12.0937,92354164,2327327910.31,19708270850.0,19603049520.0
2015-10-15,'002242,九阳股份,23.34,23.34,20.77,20.92,21.22,2.12,9.9906,7.198,54968203,1249616189.13,17919401700.0,17823731040.0
2015-10-14,'002242,九阳股份,21.22,22.65,21.03,22.03,22.01,-0.79,-3.5893,7.5398,57578199,1242253337.08,16291761100.0,16204780320.0
2015-10-13,'002242,九阳股份,22.01,22.47,20.85,20.89,20.89,1.12,5.3614,10.585,80832714,1763735909.01,16898287550.0,16808068560.0
2015-10-12,'002242,九阳股份,20.89,22.07,20.45,20.46,20.84,0.05,0.2399,12.5052,95496707,2027013423.44,16038401950.0,15952773840.0
2015-10-09,'002242,九阳股份,20.84,21.18,20.11,20.41,21.05,-0.21,-0.9976,6.7116,51253505,1055853559.85,16000014200.0,15914591040.0
2015-10-08,'002242,九阳股份,21.05,22.8,20.8,21.38,20.78,0.27,1.2993,9.1285,69710608,1510178666.22,16161242750.0,16074958800.0
2015-09-30,'002242,九阳股份,20.78,23.72,20.41,23.5,22.67,-1.89,-8.337,9.0021,68745168,1505157442.32,15953948900.0,15868771680.0
2015-09-29,'002242,九阳股份,22.67,22.67,19.89,20.3,20.61,2.06,9.9951,8.1572,62072280,1352824661.65,17405005850.0,17250736500.0
2015-09-28,'002242,九阳股份,20.61,20.61,18.8,18.99,18.74,1.87,9.9787,8.0317,61116877,1191123362.75,15823430550.0,15683179500.0
2015-09-25,'002242,九阳股份,18.74,18.74,18.23,18.74,17.04,1.7,9.9765,7.4282,56525214,1057634392.34,14387728700.0,14260203000.0
2015-09-24,'002242,九阳股份,17.04,17.04,15.66,15.66,15.49,1.55,10.0065,2.9225,22238513,371013347.81,13082545200.0,12966588000.0
2015-09-23,'002242,九阳股份,15.49,15.9,15.28,15.56,15.92,-0.43,-2.701,3.0059,22873087,355845425.53,11892524950.0,11787115500.0
2015-09-22,'002242,九阳股份,15.92,16.34,15.51,16.1,15.91,0.01,0.0629,3.8581,29357943,468867537.44,12222659600.0,12114324000.0
2015-09-21,'002242,九阳股份,15.91,15.95,14.5,14.7,15.02,0.89,5.9254,3.6083,27457192,424828178.96,12214982050.0,12106714500.0
2015-09-18,'002242,九阳股份,15.02,15.7,14.7,15.29,14.9,0.12,0.8054,2.728,20758842,311959513.51,11531680100.0,11429469000.0
2015-09-17,'002242,九阳股份,14.9,16.4,14.86,16.0,16.41,-1.51,-9.2017,5.1629,39286969,620861005.52,11439549500.0,11338155000.0
2015-09-16,'002242,九阳股份,16.41,16.56,14.38,14.57,15.05,1.36,9.0365,5.1908,39499042,607903576.42,12598859550.0,12487189500.0
2015-09-15,'002242,九阳股份,15.05,15.8,15.05,15.2,16.72,-1.67,-9.988,3.339,25408146,386998728.53,11554712750.0,11452297500.0
2015-09-14,'002242,九阳股份,16.72,18.5,16.72,18.5,18.58,-1.86,-10.0108,4.7321,36009038,624715676.79,12836863600.0,12723084000.0
2015-09-11,'002242,九阳股份,18.58,19.18,17.9,18.85,18.77,-0.19,-1.0123,6.7945,51703000,957327700.41,14264887900.0,14138451000.0
2015-09-10,'002242,九阳股份,18.77,18.77,16.75,17.06,17.06,1.71,10.0234,9.688,73721038,1346931502.91,14410761350.0,14283031500.0
2015-09-09,'002242,九阳股份,17.06,18.05,16.74,17.0,17.07,-0.01,-0.0586,9.8156,74691646,1281626770.59,13097900300.0,12981807000.0
2015-09-08,'002242,九阳股份,17.07,17.39,15.18,15.78,16.8,0.27,1.6071,2.9655,22566110,361961977.95,13105577850.0,12989416500.0
2015-09-07,'002242,九阳股份,16.8,19.67,16.8,18.75,18.67,-1.87,-10.0161,3.1741,24153443,434534406.49,12898284000.0,12783960000.0
2015-09-02,'002242,九阳股份,18.67,19.73,17.26,17.26,19.18,-0.51,-2.659,2.9369,22347985,402891709.42,14333985850.0,14206936500.0
2015-09-01,'002242,九阳股份,19.18,20.09,19.18,20.08,21.31,-2.13,-9.9953,1.6988,12927148,249309469.85,14725540900.0,14595021000.0
2015-08-31,'002242,九阳股份,21.31,23.12,21.31,23.12,23.68,-2.37,-10.0084,2.5955,19750264,433955499.46,16360859050.0,16215844500.0
2015-08-28,'002242,九阳股份,23.68,24.16,21.8,22.78,22.37,1.31,5.8561,4.3133,32822127,745433569.91,18180438400.0,18019296000.0
2015-08-27,'002242,九阳股份,22.37,22.38,20.11,21.62,20.97,1.4,6.6762,3.7858,28808331,622752300.93,17174679350.0,17022451500.0
2015-08-26,'002242,九阳股份,20.97,21.98,19.55,20.17,19.98,0.99,4.955,4.6948,35725319,756002502.04,16099822350.0,15957121500.0
2015-08-25,'002242,九阳股份,19.98,22.09,19.98,20.65,22.2,-2.22,-10.0,2.6783,20380546,424959059.9,15339744900.0,15203781000.0
2015-08-24,'002242,九阳股份,22.2,24.2,22.2,23.11,24.67,-2.47,-10.0122,2.94,22372266,513667073.51,17044161000.0,16893090000.0
2015-08-21,'002242,九阳股份,24.67,27.45,24.67,26.46,27.41,-2.74,-9.9964,2.6352,20052380,519027250.97,18940515850.0,18772636500.0
2015-08-20,'002242,九阳股份,27.41,30.34,27.41,29.98,30.45,-3.04,-9.9836,2.3374,17786803,512975980.64,21044164550.0,20857639500.0
2015-08-19,'002242,九阳股份,30.45,31.8,27.82,28.88,30.68,-0.23,-0.7497,3.0784,23425059,696063677.72,23378139750.0,23170927500.0
2015-08-18,'002242,九阳股份,30.68,34.15,30.68,33.41,34.09,-3.41,-10.0029,3.2318,24592007,792543058.11,23554723400.0,23345946000.0
2015-08-17,'002242,九阳股份,34.09,36.69,33.01,34.0,35.1,-1.01,-2.8775,4.0065,30487465,1055400592.07,26172767950.0,25940785500.0
2015-08-14,'002242,九阳股份,35.1,39.0,35.0,37.1,38.15,-3.05,-7.9948,4.1837,31835908,1182503565.81,26948200500.0,26709345000.0
2015-08-13,'002242,九阳股份,38.15,39.5,35.79,36.0,37.13,1.02,2.7471,4.7384,36056726,1371537568.98,29289853250.0,29030242500.0
2015-08-12,'002242,九阳股份,37.13,37.6,32.9,33.61,34.68,2.45,7.0646,4.9262,37485647,1313927102.22,28506743150.0,28254073500.0
2015-08-11,'002242,九阳股份,34.68,38.1,33.42,35.08,34.73,-0.05,-0.144,4.8455,36872162,1327051496.67,26625743400.0,26389746000.0
2015-08-10,'002242,九阳股份,34.73,34.73,31.18,32.26,31.57,3.16,10.0095,3.7803,28766228,965882958.09,26664131150.0,26427793500.0
2015-08-07,'002242,九阳股份,31.57,31.57,27.52,28.5,28.7,2.87,10.0,3.8814,29535592,862930824.83,24238025350.0,24023191500.0
2015-08-06,'002242,九阳股份,28.7,31.0,27.5,29.9,29.25,-0.55,-1.8803,4.7955,36491693,1072743033.41,22034568500.0,21839265000.0
2015-08-05,'002242,九阳股份,29.25,29.25,25.75,26.11,26.59,2.66,10.0038,2.9197,22217606,617768327.07,22456833750.0,22257787500.0
2015-08-04,'002242,九阳股份,26.59,27.9,24.1,25.1,25.45,1.14,4.4794,3.3703,25646498,674039225.68,20414605450.0,20233660500.0
2015-08-03,'002242,九阳股份,25.45,25.77,22.61,23.8,23.43,2.02,8.6214,3.4185,26012998,639938198.47,19539364750.0,19366177500.0
2015-07-31,'002242,九阳股份,23.43,23.43,20.87,20.9,21.3,2.13,10.0,2.9158,22187976,497561014.34,17988499650.0,17829058500.0
2015-07-30,'002242,九阳股份,21.3,23.55,21.21,23.55,23.42,-2.12,-9.0521,2.5772,19611200,446476944.09,16353181500.0,16208235000.0
2015-07-29,'002242,九阳股份,23.42,23.42,21.15,21.15,21.29,2.13,10.0047,2.8729,21861635,488028585.9,17980822100.0,17821449000.0
2015-07-28,'002242,九阳股份,21.29,21.3,17.42,18.77,19.36,1.93,9.969,2.5728,19578101,371303139.62,16345503950.0,16200625500.0
2015-07-27,'002242,九阳股份,19.36,21.65,19.36,20.98,21.51,-2.15,-9.9954,1.6827,12804361,264870550.62,14863736800.0,14731992000.0
2015-07-24,'002242,九阳股份,21.51,23.5,21.02,22.48,22.55,-1.04,-4.612,2.8235,21485308,478258962.49,16514410050.0,16368034500.0
2015-07-23,'002242,九阳股份,22.55,22.97,20.52,20.77,20.88,1.67,7.9981,2.7833,21179286,463967236.27,17312875250.0,17159422500.0
2015-07-22,'002242,九阳股份,20.88,21.07,19.31,19.59,19.5,1.38,7.0769,1.7903,13623047,272897971.51,16030724400.0,15888636000.0
2015-07-21,'002242,九阳股份,19.5,20.36,19.05,19.91,20.24,-0.74,-3.6561,1.2489,9503696,187814134.46,14971222500.0,14838525000.0
2015-07-20,'002242,九阳股份,20.24,20.62,19.6,19.98,19.93,0.31,1.5554,1.8627,14174388,285185820.13,15539361200.0,15401628000.0
2015-07-17,'002242,九阳股份,19.93,20.27,18.78,19.11,18.78,1.15,6.1235,1.5968,12150603,238351641.08,15301357150.0,15165733500.0
2015-07-16,'002242,九阳股份,18.78,19.58,16.89,18.77,18.77,0.01,0.0533,1.8056,13739416,256632815.76,14418438900.0,14290641000.0
2015-07-15,'002242,九阳股份,18.77,20.5,18.77,20.0,20.85,-2.08,-9.976,1.5357,11686201,227648637.13,14410761350.0,14283031500.0
2015-07-14,'002242,九阳股份,20.85,22.59,19.46,20.3,20.98,-0.13,-0.6196,3.26,24807319,518878477.74,16007691750.0,15865807500.0
2015-07-13,'002242,九阳股份,20.98,20.98,18.31,18.99,19.07,1.91,10.0157,3.6676,27908655,552620371.62,16107499900.0,15964731000.0
2015-07-10,'002242,九阳股份,19.07,19.07,16.66,17.3,17.34,1.73,9.9769,3.3101,25188339,471787186.73,14641087850.0,14511316500.0
2015-07-09,'002242,九阳股份,17.34,17.34,14.25,14.25,15.76,1.58,10.0254,2.2546,17156519,282779830.48,13312871700.0,13194873000.0
2015-07-08,'002242,九阳股份,15.76,16.7,15.76,15.76,17.51,-1.75,-9.9943,20.1146,153061901,2414591850.68,12099818800.0,11992572000.0
2015-07-07,'002242,九阳股份,17.51,17.51,17.51,17.51,19.45,-1.94,-9.9743,0.0939,714900,12517899.0,13443390050.0,13324234500.0
2015-07-06,'002242,九阳股份,0.0,0.0,0.0,0.0,19.45,None,None,0.0,0,0.0,14932834750.0,14800477500.0
2015-07-03,'002242,九阳股份,0.0,0.0,0.0,0.0,19.45,None,None,0.0,0,0.0,14932834750.0,14800477500.0
2015-07-02,'002242,九阳股份,0.0,0.0,0.0,0.0,19.45,None,None,0.0,0,0.0,14932834750.0,14800477500.0
2015-07-01,'002242,九阳股份,0.0,0.0,0.0,0.0,19.45,None,None,0.0,0,0.0,14932834750.0,14800477500.0
2015-06-30,'002242,九阳股份,0.0,0.0,0.0,0.0,19.45,None,None,0.0,0,0.0,14932834750.0,14800477500.0
2015-06-29,'002242,九阳股份,0.0,0.0,0.0,0.0,19.45,None,None,0.0,0,0.0,14932834750.0,14800477500.0
2015-06-26,'002242,九阳股份,0.0,0.0,0.0,0.0,19.45,None,None,0.0,0,0.0,14932834750.0,14800477500.0
2015-06-25,'002242,九阳股份,0.0,0.0,0.0,0.0,19.45,None,None,0.0,0,0.0,14932834750.0,14800477500.0
2015-06-24,'002242,九阳股份,0.0,0.0,0.0,0.0,19.45,None,None,0.0,0,0.0,14932834750.0,14800477500.0
2015-06-23,'002242,九阳股份,0.0,0.0,0.0,0.0,19.45,None,None,0.0,0,0.0,14932834750.0,14800477500.0
2015-06-19,'002242,九阳股份,0.0,0.0,0.0,0.0,19.45,None,None,0.0,0,0.0,14932834750.0,14800477500.0
2015-06-18,'002242,九阳股份,0.0,0.0,0.0,0.0,19.45,None,None,0.0,0,0.0,14932834750.0,14800477500.0
2015-06-17,'002242,九阳股份,0.0,0.0,0.0,0.0,19.45,None,None,0.0,0,0.0,14932834750.0,14800477500.0
2015-06-16,'002242,九阳股份,0.0,0.0,0.0,0.0,20.05,None,None,0.0,0,0.0,15393487750.0,15257047500.0
2015-06-15,'002242,九阳股份,0.0,0.0,0.0,0.0,20.05,None,None,0.0,0,0.0,15393487750.0,15257047500.0
2015-06-12,'002242,九阳股份,20.05,20.5,19.15,19.25,19.05,1.0,5.2493,4.1978,31943496,633505307.49,15393487750.0,15257047500.0
2015-06-11,'002242,九阳股份,19.05,19.29,18.65,19.1,18.98,0.07,0.3688,1.8214,13859689,261870985.16,14625732750.0,14496097500.0
2015-06-10,'002242,九阳股份,18.98,19.29,18.24,18.4,18.35,0.63,3.4332,2.4915,18959053,357112685.84,14571989900.0,14442831000.0
2015-06-09,'002242,九阳股份,18.35,18.69,17.99,18.52,18.57,-0.22,-1.1847,1.7919,13635542,250202748.15,14088304250.0,13963432500.0
2015-06-08,'002242,九阳股份,18.57,19.24,18.32,19.15,19.08,-0.51,-2.673,2.1369,16261030,303236477.56,14257210350.0,14130841500.0
2015-06-05,'002242,九阳股份,19.08,19.3,18.6,18.85,18.72,0.36,1.9231,2.4942,18979429,359495086.28,14651245800.0,14518926000.0
2015-06-04,'002242,九阳股份,18.72,19.3,17.24,19.2,19.16,-0.44,-2.2965,2.4235,18441260,338940361.48,14374807200.0,14244984000.0
2015-06-03,'002242,九阳股份,19.16,19.36,18.23,18.42,18.42,0.74,4.0174,3.3835,25746454,485025484.77,14712676600.0,14579802000.0
2015-06-02,'002242,九阳股份,18.42,18.43,17.7,17.9,17.9,0.52,2.905,2.4626,18739055,338340394.83,14144441700.0,14016699000.0
2015-06-01,'002242,九阳股份,17.9,17.96,17.16,17.2,17.17,0.73,4.2516,1.8697,14227739,250844973.54,13745141500.0,13621005000.0
2015-05-29,'002242,九阳股份,17.17,17.6,16.0,16.63,16.6,0.57,3.4337,2.7794,21150211,356982989.31,13184585450.0,13065511500.0
2015-05-28,'002242,九阳股份,16.6,18.2,16.55,17.88,17.96,-1.36,-7.5724,3.0819,23452052,411508854.39,12746891000.0,12631770000.0
2015-05-27,'002242,九阳股份,17.96,18.48,17.8,18.48,18.48,-0.52,-2.8139,2.9728,22621401,408605256.13,13791214600.0,13666662000.0
2015-05-26,'002242,九阳股份,18.48,18.66,17.92,18.07,18.09,0.39,2.1559,2.9082,22129668,405534689.82,14190514800.0,14062356000.0
2015-05-25,'002242,九阳股份,18.09,18.13,17.35,17.5,17.62,0.47,2.6674,2.7708,21084415,376548769.93,13891039650.0,13765585500.0
2015-05-22,'002242,九阳股份,17.62,17.75,17.11,17.63,17.45,0.17,0.9742,2.5812,19641891,342497907.2,13530133700.0,13407939000.0
2015-05-21,'002242,九阳股份,17.45,17.45,16.6,16.8,16.8,0.65,3.869,2.9511,22456584,384401379.17,13399593250.0,13278577500.0
2015-05-20,'002242,九阳股份,16.8,17.6,16.79,17.02,17.02,-0.22,-1.2926,2.8802,21917238,377369682.41,12900468000.0,12783960000.0
2015-05-19,'002242,九阳股份,17.02,17.08,16.35,16.35,16.34,0.68,4.1616,1.8884,14369734,241494344.39,13069402700.0,12951369000.0
2015-05-18,'002242,九阳股份,16.34,16.57,16.13,16.24,16.35,-0.01,-0.0612,1.2917,9829347,160894738.56,12547240900.0,12433923000.0
2015-05-15,'002242,九阳股份,16.35,16.77,16.15,16.75,16.77,-0.42,-2.5045,1.6366,12453596,205035358.56,12554919750.0,12441532500.0
2015-05-14,'002242,九阳股份,16.77,17.19,16.61,17.19,17.1,-0.33,-1.9298,2.1089,16047974,269582692.14,12877431450.0,12761131500.0
2015-05-13,'002242,九阳股份,17.1,17.3,16.2,16.33,16.36,0.74,4.5232,3.6529,27797063,470449686.21,13130833500.0,13012245000.0
2015-05-12,'002242,九阳股份,16.36,16.53,16.07,16.28,16.23,0.13,0.801,1.7149,13049444,212584839.62,12562598600.0,12449142000.0
2015-05-11,'002242,九阳股份,16.23,16.28,15.62,15.62,15.61,0.62,3.9718,1.7062,12983077,208014984.95,12462773550.0,12350218500.0
2015-05-08,'002242,九阳股份,15.61,15.69,15.26,15.43,15.24,0.37,2.4278,0.8502,6469622,100288496.24,11986684850.0,11878429500.0
2015-05-07,'002242,九阳股份,15.24,15.53,15.15,15.31,15.23,0.01,0.0657,0.9433,7178320,110147643.35,11702567400.0,11596878000.0
2015-05-06,'002242,九阳股份,15.23,16.17,15.1,15.76,15.75,-0.52,-3.3016,1.5385,11707588,184826995.65,11694888550.0,11589268500.0
2015-05-05,'002242,九阳股份,15.75,16.44,15.61,16.3,16.41,-0.66,-4.0219,1.4906,11342392,181795472.16,12094188750.0,11984962500.0
2015-05-04,'002242,九阳股份,16.41,16.42,15.96,16.2,16.26,0.15,0.9225,1.3475,10253845,165714983.31,12600992850.0,12487189500.0
2015-04-30,'002242,九阳股份,16.26,16.65,16.23,16.48,16.47,-0.21,-1.275,2.084,15858061,260208243.91,12485810100.0,12373047000.0
2015-04-29,'002242,九阳股份,16.47,16.47,15.51,15.63,15.8,0.67,4.2405,2.4511,18651514,300731989.13,12647065950.0,12532846500.0
2015-04-28,'002242,九阳股份,15.8,16.17,15.72,16.14,16.04,-0.24,-1.4963,1.6068,12227129,194544279.26,12132583000.0,12023010000.0
2015-04-27,'002242,九阳股份,16.04,16.22,15.7,15.95,15.96,0.08,0.5013,1.7292,13158105,210577071.45,12316875400.0,12205638000.0
2015-04-24,'002242,九阳股份,15.96,16.14,15.65,16.13,16.11,-0.15,-0.9311,1.8045,13731089,218399058.67,12255444600.0,12144762000.0
2015-04-23,'002242,九阳股份,16.11,16.35,16.0,16.25,16.19,-0.08,-0.4941,1.5925,12118197,195947195.8,12370627350.0,12258904500.0
2015-04-22,'002242,九阳股份,16.19,16.52,15.85,15.85,15.83,0.36,2.2742,2.0919,15918414,257230270.08,12432058150.0,12319780500.0
2015-04-21,'002242,九阳股份,15.83,15.87,15.05,15.23,15.29,0.54,3.5317,1.6805,12788064,199338645.47,12155619550.0,12045838500.0
2015-04-20,'002242,九阳股份,15.29,16.13,15.19,15.5,15.47,-0.18,-1.1635,2.0544,15632985,244162483.11,11740961650.0,11634925500.0
2015-04-17,'002242,九阳股份,15.47,15.68,15.31,15.65,15.3,0.17,1.1111,1.669,12700191,196620314.06,11879180950.0,11771896500.0
2015-04-16,'002242,九阳股份,15.3,15.8,14.75,14.99,15.35,-0.05,-0.3257,1.6851,12823031,195121923.95,11748640500.0,11642535000.0
2015-04-15,'002242,九阳股份,15.35,16.07,15.32,16.06,16.08,-0.73,-4.5398,1.6666,12681785,199084052.21,11787034750.0,11680582500.0
2015-04-14,'002242,九阳股份,16.08,16.48,16.01,16.38,16.37,-0.29,-1.7715,1.7099,13011115,210596659.87,12347590800.0,12236076000.0
2015-04-13,'002242,九阳股份,16.37,16.6,16.25,16.29,16.09,0.28,1.7402,2.1324,16226158,265950996.0,12570277450.0,12456751500.0
2015-04-10,'002242,九阳股份,16.09,16.2,15.52,15.65,15.87,0.22,1.3863,1.2236,9311300,148869051.79,12355269650.0,12243685500.0
2015-04-09,'002242,九阳股份,15.87,16.5,15.01,16.48,16.52,-0.65,-3.9346,2.4153,18379464,288718512.19,12186334950.0,12076276500.0
2015-04-08,'002242,九阳股份,16.52,16.95,16.35,16.95,17.01,-0.49,-2.8807,2.1985,16729197,278158744.91,12685460200.0,12570894000.0
2015-04-07,'002242,九阳股份,17.01,17.2,15.94,16.04,16.05,0.96,5.9813,2.6968,20521676,338512619.17,13061723850.0,12943759500.0
2015-04-03,'002242,九阳股份,16.05,16.15,15.7,16.01,16.24,-0.19,-1.17,2.1948,16701283,265720947.27,12324554250.0,12213247500.0
2015-04-02,'002242,九阳股份,16.24,16.5,15.78,16.0,15.79,0.45,2.8499,3.2691,24876141,401192718.55,12470452400.0,12357828000.0
2015-04-01,'002242,九阳股份,15.79,15.79,14.52,14.52,14.35,1.44,10.0348,2.9512,22456933,345005548.31,12124904150.0,12015400500.0
2015-03-31,'002242,九阳股份,14.35,14.65,14.25,14.59,14.54,-0.19,-1.3067,1.2278,9343246,134879695.55,11019149750.0,10919632500.0
2015-03-30,'002242,九阳股份,14.54,14.64,14.29,14.36,14.36,0.18,1.2535,1.4271,10859644,156936560.32,11165047900.0,11064213000.0
2015-03-27,'002242,九阳股份,14.36,14.49,13.93,13.99,13.92,0.44,3.1609,1.5762,11994273,171135147.7,11026828600.0,10927242000.0
2015-03-26,'002242,九阳股份,13.92,14.1,13.78,13.91,13.97,-0.05,-0.3579,1.2715,9675380,134842066.4,10688959200.0,10592424000.0
2015-03-25,'002242,九阳股份,13.97,14.05,13.75,14.05,14.08,-0.11,-0.7813,1.0991,8363866,116275380.51,10727353450.0,10630471500.0
2015-03-24,'002242,九阳股份,14.08,14.57,13.62,14.53,14.44,-0.36,-2.4931,1.7939,13650494,192110508.61,10811820800.0,10714176000.0
2015-03-23,'002242,九阳股份,14.44,14.45,14.01,14.11,14.09,0.35,2.484,1.7032,12960784,185071121.76,11088259400.0,10988118000.0
2015-03-20,'002242,九阳股份,14.09,14.1,13.85,13.86,13.85,0.24,1.7329,1.4887,11328431,158596309.23,10819499650.0,10721785500.0
2015-03-19,'002242,九阳股份,13.85,14.05,13.72,13.95,14.02,-0.17,-1.2126,1.6749,12745306,176310432.78,10635207250.0,10539157500.0
2015-03-18,'002242,九阳股份,14.02,14.13,13.8,13.87,13.87,0.15,1.0815,1.1477,8733705,121697119.02,10765747700.0,10668519000.0
2015-03-17,'002242,九阳股份,13.87,14.15,13.79,14.15,14.17,-0.3,-2.1171,1.6956,12902532,179506134.44,10650564950.0,10554376500.0
2015-03-16,'002242,九阳股份,14.17,14.21,13.98,14.1,14.09,0.08,0.5678,1.2828,9761149,137654164.32,10880930450.0,10782661500.0
2015-03-13,'002242,九阳股份,14.09,14.13,13.76,14.02,14.03,0.06,0.4277,0.7508,5713181,79466105.12,10819499650.0,10721785500.0
2015-03-12,'002242,九阳股份,14.03,14.29,13.61,13.81,13.84,0.19,1.3728,1.8724,14247948,199818533.9,10773426550.0,10676128500.0
2015-03-11,'002242,九阳股份,13.84,13.96,13.09,13.15,13.11,0.73,5.5683,2.3648,17994757,242936025.13,10627528400.0,10531548000.0
2015-03-10,'002242,九阳股份,13.11,13.3,12.85,12.9,12.95,0.16,1.2355,1.1817,8992064,118478061.39,10066972350.0,9976054500.0
2015-03-09,'002242,九阳股份,12.95,12.96,12.45,12.75,12.78,0.17,1.3302,0.9928,7554434,96540410.97,9944110750.0,9854302500.0
2015-03-06,'002242,九阳股份,12.78,13.13,12.71,13.04,13.03,-0.25,-1.9186,0.7511,5715563,73526928.28,9813570300.0,9724941000.0
2015-03-05,'002242,九阳股份,13.03,13.2,12.84,13.2,13.18,-0.15,-1.1381,1.0699,8141142,106016887.6,10005541550.0,9915178500.0
2015-03-04,'002242,九阳股份,13.18,13.19,12.7,12.73,12.75,0.43,3.3725,1.8557,14121252,183979538.18,10120724300.0,10029321000.0
2015-03-03,'002242,九阳股份,12.75,12.93,12.72,12.83,12.87,-0.12,-0.9324,1.2397,9433553,121055778.03,9790533750.0,9702112500.0
2015-03-02,'002242,九阳股份,12.87,12.9,12.5,12.64,12.6,0.27,2.1429,1.4589,11101176,140553622.77,9882679950.0,9793426500.0
2015-02-27,'002242,九阳股份,12.6,12.7,12.53,12.62,12.63,-0.03,-0.2375,0.9541,7260360,91537276.53,9675351000.0,9587970000.0
2015-02-26,'002242,九阳股份,12.63,12.66,12.5,12.52,12.52,0.11,0.8786,0.6813,5184212,65184039.9,9698387550.0,9610798500.0
2015-02-25,'002242,九阳股份,12.52,12.85,12.4,12.82,12.78,-0.26,-2.0344,1.0198,7760518,98300496.66,9613920200.0,9527094000.0
2015-02-17,'002242,九阳股份,12.78,13.05,12.72,12.98,12.91,-0.13,-1.007,1.0689,8133785,104261055.07,9813570300.0,9724941000.0
2015-02-16,'002242,九阳股份,12.91,12.96,12.43,12.52,12.52,0.39,3.115,1.6631,12655029,161015272.51,9913395350.0,9823864500.0
2015-02-13,'002242,九阳股份,12.52,12.7,12.47,12.54,12.47,0.05,0.401,1.0314,7848806,98689622.23,9613920200.0,9527094000.0
2015-02-12,'002242,九阳股份,12.47,12.8,12.46,12.71,12.82,-0.35,-2.7301,1.4702,11187862,140504881.37,9575525950.0,9489046500.0
2015-02-11,'002242,九阳股份,12.82,12.86,12.54,12.68,12.66,0.16,1.2638,1.3401,10197116,129743190.38,9844285700.0,9755379000.0
2015-02-10,'002242,九阳股份,12.66,12.66,12.15,12.35,12.39,0.27,2.1792,1.2018,9145424,113273499.38,9721424100.0,9633627000.0
2015-02-09,'002242,九阳股份,12.39,12.87,12.34,12.58,12.58,-0.19,-1.5103,1.7371,13218498,166088577.82,9514095150.0,9428170500.0
2015-02-06,'002242,九阳股份,12.58,12.74,12.22,12.35,12.36,0.22,1.7799,2.6426,20109091,251386298.61,9659993300.0,9572751000.0
2015-02-05,'002242,九阳股份,12.36,12.65,11.87,11.88,11.82,0.54,4.5685,3.9605,30137386,370730816.76,9491058600.0,9405342000.0
2015-02-04,'002242,九阳股份,11.82,11.93,11.75,11.81,11.75,0.07,0.5957,0.9015,6860024,81177663.81,9076400700.0,8994429000.0
2015-02-03,'002242,九阳股份,11.75,11.86,11.65,11.65,11.64,0.11,0.945,0.7271,5532600,65119569.44,9022648750.0,8941162500.0
2015-02-02,'002242,九阳股份,11.64,11.81,11.61,11.68,11.84,-0.2,-1.6892,0.7915,6022900,70508841.09,8938181400.0,8857458000.0
2015-01-30,'002242,九阳股份,11.84,12.08,11.82,12.04,12.04,-0.2,-1.6611,0.9669,7357390,87932074.73,9091758400.0,9009648000.0
2015-01-29,'002242,九阳股份,12.04,12.05,11.76,11.82,11.91,0.13,1.0915,1.1831,9002530,107535339.07,9245335400.0,9161838000.0
2015-01-28,'002242,九阳股份,11.91,12.18,11.88,12.18,12.2,-0.29,-2.377,1.3068,9944298,119633747.5,9145510350.0,9062914500.0
2015-01-27,'002242,九阳股份,12.2,12.38,12.02,12.32,12.27,-0.07,-0.5705,1.3226,10064555,122874288.2,9368197000.0,9283590000.0
2015-01-26,'002242,九阳股份,12.27,12.27,12.0,12.0,12.07,0.2,1.657,1.1959,9100536,111065975.37,9421948950.0,9336856500.0
2015-01-23,'002242,九阳股份,12.07,12.3,12.03,12.28,12.28,-0.21,-1.7101,1.3354,10162029,123226126.55,9268371950.0,9184666500.0
2015-01-22,'002242,九阳股份,12.28,12.4,12.08,12.27,12.25,0.03,0.2449,1.5284,11630407,142402693.73,9429627800.0,9344466000.0
2015-01-21,'002242,九阳股份,12.25,12.31,11.87,11.93,11.94,0.31,2.5963,2.0904,15907054,193852268.78,9406591250.0,9321637500.0
2015-01-20,'002242,九阳股份,11.94,11.97,11.52,11.52,11.53,0.41,3.5559,1.2826,9759650,114755322.55,9168546900.0,9085743000.0
2015-01-19,'002242,九阳股份,11.53,12.2,11.1,11.81,11.99,-0.46,-3.8365,2.2496,17118049,201545368.61,8853714050.0,8773753500.0
2015-01-16,'002242,九阳股份,11.99,12.12,11.78,11.93,11.94,0.05,0.4188,1.6595,12628259,151151439.97,9206941150.0,9123790500.0
2015-01-15,'002242,九阳股份,11.94,11.97,11.71,11.81,11.83,0.11,0.9298,1.1081,8431998,99771265.41,9168546900.0,9085743000.0
2015-01-14,'002242,九阳股份,11.83,11.86,11.59,11.84,11.85,-0.02,-0.1688,0.9989,7601160,89321910.52,9084079550.0,9002038500.0
2015-01-13,'002242,九阳股份,11.85,11.94,11.2,11.24,11.24,0.61,5.427,2.0612,15684534,183271093.22,9099437250.0,9017257500.0
2015-01-12,'002242,九阳股份,11.24,11.48,11.18,11.43,11.41,-0.17,-1.4899,0.7133,5427561,61429336.04,8631027400.0,8553078000.0
2015-01-09,'002242,九阳股份,11.41,11.71,11.34,11.34,11.38,0.03,0.2636,1.2882,9802873,113487450.76,8761567850.0,8682439500.0
2015-01-08,'002242,九阳股份,11.38,11.66,11.35,11.59,11.58,-0.2,-1.7271,0.9541,7260473,83203476.54,8738531300.0,8659611000.0
2015-01-07,'002242,九阳股份,11.58,11.84,11.45,11.65,11.73,-0.15,-1.2788,1.345,10234886,118516067.33,8892108300.0,8811801000.0
2015-01-06,'002242,九阳股份,11.73,11.84,11.35,11.47,11.54,0.19,1.6464,2.3625,17977265,208423930.65,9007291050.0,8925943500.0
2015-01-05,'002242,九阳股份,11.54,11.6,11.08,11.12,11.07,0.47,4.2457,1.8446,14036218,160676653.93,8861392900.0,8781363000.0
2014-12-31,'002242,九阳股份,11.07,11.11,10.92,11.01,11.0,0.07,0.6364,0.759,5775568,63708307.3,8500486950.0,8423716500.0
2014-12-30,'002242,九阳股份,11.0,11.18,10.93,11.15,11.1,-0.1,-0.9009,0.7956,6054051,66648110.51,8446735000.0,8370450000.0
2014-12-29,'002242,九阳股份,11.1,11.42,11.04,11.42,11.43,-0.33,-2.8871,1.5582,11857314,132555714.63,8523523500.0,8446545000.0
2014-12-26,'002242,九阳股份,11.43,11.52,11.34,11.52,11.52,-0.09,-0.7813,1.0148,7722197,88041032.58,8776925550.0,8697658500.0
2014-12-25,'002242,九阳股份,11.52,11.52,11.28,11.45,11.44,0.08,0.6993,1.0502,7991264,91204411.2,8846035200.0,8766144000.0
2014-12-24,'002242,九阳股份,11.44,11.47,11.22,11.22,11.2,0.24,2.1429,1.0157,7729190,87964791.15,8784604400.0,8705268000.0
2014-12-23,'002242,九阳股份,11.2,11.5,11.2,11.22,11.19,0.01,0.0894,1.1188,8513187,96608137.29,8600312000.0,8522640000.0
2014-12-22,'002242,九阳股份,11.19,11.6,11.18,11.6,11.63,-0.44,-3.7833,1.3578,10332230,117162087.25,8592633150.0,8515030500.0
2014-12-19,'002242,九阳股份,11.63,12.08,11.43,12.08,12.14,-0.51,-4.201,1.9876,15124944,177303948.52,8930502550.0,8849848500.0
2014-12-18,'002242,九阳股份,12.14,12.31,12.01,12.16,12.25,-0.11,-0.898,1.4044,10686587,129734597.11,9322123900.0,9237933000.0
2014-12-17,'002242,九阳股份,12.25,12.49,12.0,12.36,12.46,-0.21,-1.6854,2.6448,20125617,246067508.69,9406591250.0,9321637500.0
2014-12-16,'002242,九阳股份,12.46,12.57,12.24,12.51,12.59,-0.13,-1.0326,1.6212,12336777,153144599.67,9567847100.0,9481437000.0
2014-12-15,'002242,九阳股份,12.59,12.63,12.28,12.52,12.56,0.03,0.2389,2.1892,16658535,207942831.19,9667672150.0,9580360500.0
2014-12-12,'002242,九阳股份,12.56,12.75,11.71,11.8,11.7,0.86,7.3504,3.9825,30305088,371861398.9,9644635600.0,9557532000.0
2014-12-11,'002242,九阳股份,11.7,11.85,11.5,11.68,11.68,0.02,0.1712,1.7635,13419406,156840456.46,8984254500.0,8903115000.0
2014-12-10,'002242,九阳股份,11.68,11.69,11.13,11.2,11.22,0.46,4.0998,1.8394,13996908,160794074.96,8968896800.0,8887896000.0
2014-12-09,'002242,九阳股份,11.22,11.77,11.03,11.2,11.25,-0.03,-0.2667,2.7799,21153905,239630396.18,8615669700.0,8537859000.0
2014-12-08,'002242,九阳股份,11.25,11.43,11.09,11.26,11.29,-0.04,-0.3543,1.3796,10497933,118228042.12,8638706250.0,8560687500.0
2014-12-05,'002242,九阳股份,11.29,11.79,11.12,11.75,11.75,-0.46,-3.9149,1.7945,13655376,155591688.84,8669421650.0,8591125500.0
2014-12-04,'002242,九阳股份,11.75,11.84,11.6,11.65,11.7,0.05,0.4274,1.7977,13679584,160059962.78,9022648750.0,8941162500.0
2014-12-03,'002242,九阳股份,11.7,12.17,11.53,11.78,11.77,-0.07,-0.5947,2.2071,16795053,198541720.87,8984254500.0,8903115000.0
2014-12-02,'002242,九阳股份,11.77,11.81,11.52,11.67,11.79,-0.02,-0.1696,2.304,17531956,204716712.87,9038006450.0,8956381500.0
2014-12-01,'002242,九阳股份,11.79,11.79,11.04,11.14,11.14,0.65,5.8348,2.8172,21437646,244461948.33,9053364150.0,8971600500.0
2014-11-28,'002242,九阳股份,11.14,11.32,11.06,11.3,11.32,-0.18,-1.5901,1.1497,8748706,97567867.17,8554238900.0,8476983000.0
2014-11-27,'002242,九阳股份,11.32,11.34,11.12,11.17,11.17,0.15,1.3429,1.3514,10283742,115432943.03,8692458200.0,8613954000.0
2014-11-26,'002242,九阳股份,11.17,11.37,11.05,11.34,11.32,-0.15,-1.3251,1.5284,11630071,130270884.66,8577275450.0,8499811500.0
2014-11-25,'002242,九阳股份,11.32,11.37,11.07,11.07,11.06,0.26,2.3508,1.5838,12051859,135567136.9,8692458200.0,8613954000.0
2014-11-24,'002242,九阳股份,11.06,11.14,10.95,11.0,10.93,0.13,1.1894,1.2824,9758507,107852467.81,8492808100.0,8416107000.0
2014-11-21,'002242,九阳股份,10.93,10.99,10.86,10.88,10.92,0.01,0.0916,0.5976,4547120,49711131.68,8392983050.0,8317183500.0
2014-11-20,'002242,九阳股份,10.92,10.96,10.85,10.96,10.96,-0.04,-0.365,0.4245,3230191,35219206.25,8385304200.0,8309574000.0
2014-11-19,'002242,九阳股份,10.96,10.98,10.81,10.98,10.9,0.06,0.5505,0.6045,4599915,50138024.39,8416019600.0,8340012000.0
2014-11-18,'002242,九阳股份,10.9,11.02,10.69,10.77,10.74,0.16,1.4898,0.871,6628094,72301416.57,8369946500.0,8294355000.0
2014-11-17,'002242,九阳股份,10.74,10.8,10.53,10.65,10.58,0.16,1.5123,0.466,3546205,37928732.91,8247084900.0,8172603000.0
2014-11-14,'002242,九阳股份,10.58,10.66,10.51,10.62,10.69,-0.11,-1.029,0.3255,2476660,26234130.77,8124223300.0,8050851000.0
2014-11-13,'002242,九阳股份,10.69,10.77,10.55,10.69,10.69,0.0,0.0,0.5377,4091739,43471812.79,8208690650.0,8134555500.0
2014-11-12,'002242,九阳股份,10.69,10.71,10.55,10.6,10.61,0.08,0.754,0.5324,4051321,43023985.11,8208690650.0,8134555500.0
2014-11-11,'002242,九阳股份,10.61,11.06,10.53,11.06,11.0,-0.39,-3.5455,0.9521,7244932,78006585.93,8147259850.0,8073679500.0
2014-11-10,'002242,九阳股份,11.0,11.0,10.76,10.81,10.75,0.25,2.3256,0.6455,4912217,53666819.96,8446735000.0,8370450000.0
2014-11-07,'002242,九阳股份,10.75,11.04,10.72,10.92,10.95,-0.2,-1.8265,0.9534,7254718,79056556.98,8254763750.0,8180212500.0
2014-11-06,'002242,九阳股份,10.95,10.98,10.76,10.88,10.92,0.03,0.2747,0.7087,5392527,58574276.06,8408340750.0,8332402500.0
2014-11-05,'002242,九阳股份,10.92,11.03,10.81,10.9,10.96,-0.04,-0.365,0.6594,5017795,54932618.19,8385304200.0,8309574000.0
2014-11-04,'002242,九阳股份,10.96,11.27,10.93,11.02,11.06,-0.1,-0.9042,1.5372,11697299,129056664.67,8416019600.0,8340012000.0
2014-11-03,'002242,九阳股份,11.06,11.09,10.73,10.74,10.77,0.29,2.6927,1.7365,13213935,144985398.87,8492808100.0,8416107000.0
2014-10-31,'002242,九阳股份,10.77,10.87,10.66,10.84,10.83,-0.06,-0.554,0.8541,6499455,69973073.5,8270121450.0,8195431500.0
2014-10-30,'002242,九阳股份,10.83,10.84,10.7,10.7,10.68,0.15,1.4045,1.1752,8943030,96508083.98,8316194550.0,8241088500.0
2014-10-29,'002242,九阳股份,10.68,10.76,10.56,10.57,10.58,0.1,0.9452,0.8095,6159603,65718011.58,8201011800.0,8126946000.0
2014-10-28,'002242,九阳股份,10.58,10.58,10.32,10.32,10.3,0.28,2.7184,0.6218,4731258,49596223.83,8124223300.0,8050851000.0
2014-10-27,'002242,九阳股份,10.3,10.34,10.13,10.24,10.25,0.05,0.4878,0.4412,3357691,34398889.86,7909215500.0,7837785000.0
2014-10-24,'002242,九阳股份,10.25,10.4,10.22,10.22,10.24,0.01,0.0977,0.446,3393655,34999031.06,7870821250.0,7799737500.0
2014-10-23,'002242,九阳股份,10.24,10.55,10.21,10.5,10.51,-0.27,-2.569,0.8109,6170842,63791262.46,7863142400.0,7792128000.0
2014-10-22,'002242,九阳股份,10.51,10.72,10.48,10.62,10.59,-0.08,-0.7554,0.4864,3701230,39210812.57,8070471350.0,7997584500.0
2014-10-21,'002242,九阳股份,10.59,10.8,10.56,10.8,10.76,-0.17,-1.5799,0.6205,4722064,50342095.57,8131902150.0,8058460500.0
2014-10-20,'002242,九阳股份,10.76,10.8,10.57,10.57,10.55,0.21,1.9905,0.65,4946448,53098018.45,8262442600.0,8187822000.0
2014-10-17,'002242,九阳股份,10.55,10.79,10.46,10.7,10.73,-0.18,-1.6775,1.1918,9069279,96127106.11,8101186750.0,8028022500.0
2014-10-16,'002242,九阳股份,10.73,11.18,10.73,11.02,11.13,-0.4,-3.5939,1.0664,8115095,89142029.44,8239406050.0,8164993500.0
2014-10-15,'002242,九阳股份,11.13,11.23,10.94,11.15,11.16,-0.03,-0.2688,0.9793,7452103,82333135.44,8546560050.0,8469373500.0
2014-10-14,'002242,九阳股份,11.16,11.31,11.08,11.31,11.38,-0.22,-1.9332,1.2192,9277456,103832076.06,8569596600.0,8492202000.0
2014-10-13,'002242,九阳股份,11.38,11.39,10.86,11.08,11.14,0.24,2.1544,1.6132,12275466,136587736.81,8738531300.0,8659611000.0
2014-10-10,'002242,九阳股份,11.14,11.28,11.08,11.25,11.29,-0.15,-1.3286,1.2873,9795924,109312140.15,8554238900.0,8476983000.0
2014-10-09,'002242,九阳股份,11.29,11.47,11.13,11.43,11.43,-0.14,-1.2248,1.4092,10723262,121166687.87,8669421650.0,8591125500.0
2014-10-08,'002242,九阳股份,11.43,11.43,11.09,11.18,11.15,0.28,2.5112,1.5759,11991479,135013409.48,8776925550.0,8697658500.0
2014-09-30,'002242,九阳股份,11.15,11.15,10.99,11.05,11.04,0.11,0.9964,1.1895,9051454,100290715.61,8561917750.0,8484592500.0
2014-09-29,'002242,九阳股份,11.04,11.14,10.94,10.94,10.93,0.11,1.0064,1.048,7974450,87960703.17,8477450400.0,8400888000.0
2014-09-26,'002242,九阳股份,10.93,10.98,10.8,10.91,10.97,-0.04,-0.3646,1.0138,7714667,83850690.29,8392983050.0,8317183500.0
2014-09-25,'002242,九阳股份,10.97,11.27,10.88,11.1,11.07,-0.1,-0.9033,1.3224,10063104,111595571.86,8347621500.0,8347621500.0
2014-09-24,'002242,九阳股份,11.07,11.07,10.8,10.89,10.91,0.16,1.4665,1.1459,8719921,95679857.43,8423716500.0,8423716500.0
2014-09-23,'002242,九阳股份,10.91,10.99,10.76,10.81,10.8,0.11,1.0185,0.919,6992946,76065896.7,8301964500.0,8301964500.0
2014-09-22,'002242,九阳股份,10.8,11.16,10.75,11.16,11.18,-0.38,-3.3989,1.4534,11059420,120746070.17,8218260000.0,8218260000.0
2014-09-19,'002242,九阳股份,11.18,11.32,11.05,11.21,11.23,-0.05,-0.4452,1.211,9214843,102986070.17,8507421000.0,8507421000.0
2014-09-18,'002242,九阳股份,11.23,11.25,11.01,11.18,11.25,-0.02,-0.1778,1.3963,10625181,118220118.12,8545468500.0,8545468500.0
2014-09-17,'002242,九阳股份,11.25,11.42,10.71,10.79,10.78,0.47,4.3599,2.5572,19459168,216444516.48,8560687500.0,8560687500.0
2014-09-16,'002242,九阳股份,10.78,11.3,10.75,10.97,10.97,-0.19,-1.732,2.9137,22172070,246298767.58,8203041000.0,8203041000.0
2014-09-15,'002242,九阳股份,10.97,10.99,10.68,10.85,10.86,0.11,1.0129,1.4089,10720990,116028807.91,8347621500.0,8347621500.0
2014-09-12,'002242,九阳股份,10.86,10.88,10.65,10.8,10.85,0.01,0.0922,1.2548,9548329,102676868.24,8263917000.0,8263917000.0
2014-09-11,'002242,九阳股份,10.85,11.21,10.8,10.97,10.99,-0.14,-1.2739,1.5387,11709026,128983416.67,8256307500.0,8256307500.0
2014-09-10,'002242,九阳股份,10.99,11.0,10.64,10.78,10.8,0.19,1.7593,1.4837,11290280,122133287.11,8362840500.0,8362840500.0
2014-09-09,'002242,九阳股份,10.8,10.98,10.7,10.9,10.89,-0.09,-0.8264,1.147,8728291,94276697.21,8218260000.0,8218260000.0
2014-09-05,'002242,九阳股份,10.89,11.1,10.75,10.9,10.94,-0.05,-0.457,1.2129,9229443,100318846.8,8286745500.0,8286745500.0
2014-09-04,'002242,九阳股份,10.94,11.17,10.75,10.87,10.89,0.05,0.4591,2.0757,15795338,173104024.14,8324793000.0,8324793000.0
2014-09-03,'002242,九阳股份,10.89,11.0,10.44,10.51,10.5,0.39,3.7143,3.3247,25299554,272259496.34,8286745500.0,8286745500.0
2014-09-02,'002242,九阳股份,10.5,10.58,10.44,10.44,10.4,0.1,0.9615,1.8838,14334910,150433794.57,7989975000.0,7989975000.0
2014-09-01,'002242,九阳股份,10.4,10.44,10.22,10.36,10.31,0.09,0.8729,0.9632,7329293,75764172.3,7913880000.0,7913880000.0
2014-08-29,'002242,九阳股份,10.31,10.34,9.94,10.09,10.09,0.22,2.1804,0.7454,5671867,57387985.53,7845394500.0,7845394500.0
2014-08-28,'002242,九阳股份,10.09,10.42,10.08,10.4,10.4,-0.31,-2.9808,1.1141,8477611,86643179.73,7677985500.0,7677985500.0
2014-08-27,'002242,九阳股份,10.4,10.47,10.22,10.22,10.35,0.05,0.4831,0.7874,5991652,62030438.87,7913880000.0,7913880000.0
2014-08-26,'002242,九阳股份,10.35,10.76,10.18,10.42,10.49,-0.14,-1.3346,1.83,13925461,146151324.16,7875832500.0,7875832500.0
2014-08-25,'002242,九阳股份,10.49,10.55,10.23,10.29,10.26,0.23,2.2417,1.7287,13154261,136951949.6,7982365500.0,7982365500.0
2014-08-22,'002242,九阳股份,10.26,10.28,10.1,10.19,10.21,0.05,0.4897,0.9592,7299159,74554701.85,7807347000.0,7807347000.0
2014-08-21,'002242,九阳股份,10.21,10.38,10.05,10.37,10.37,-0.16,-1.5429,1.2703,9666174,98408953.56,7769299500.0,7769299500.0
2014-08-20,'002242,九阳股份,10.37,10.43,10.25,10.3,10.33,0.04,0.3872,1.0818,8232284,85206350.54,7891051500.0,7891051500.0
2014-08-19,'002242,九阳股份,10.33,10.55,10.26,10.48,10.48,-0.15,-1.4313,1.6915,12871353,133716131.07,7860613500.0,7860613500.0
2014-08-18,'002242,九阳股份,10.48,10.49,9.99,9.99,9.95,0.53,5.3266,2.6919,20483758,210659556.4,7974756000.0,7974756000.0
2014-08-15,'002242,九阳股份,9.95,9.97,9.79,9.8,9.81,0.14,1.4271,0.871,6628077,65618752.57,7571452500.0,7571452500.0
2014-08-14,'002242,九阳股份,9.81,10.0,9.81,9.93,9.92,-0.11,-1.1089,0.906,6894431,68329082.4,7464919500.0,7464919500.0
2014-08-13,'002242,九阳股份,9.92,10.07,9.8,10.05,10.12,-0.2,-1.9763,1.3336,10148115,100879913.48,7548624000.0,7548624000.0
2014-08-12,'002242,九阳股份,10.12,10.18,9.99,10.16,10.15,-0.03,-0.2956,1.0966,8344786,84129280.77,7700814000.0,7700814000.0
2014-08-11,'002242,九阳股份,10.15,10.21,10.07,10.12,10.1,0.05,0.495,1.5367,11693446,118384809.68,7723642500.0,7723642500.0
2014-08-08,'002242,九阳股份,10.1,10.18,9.96,10.18,10.18,-0.08,-0.7859,0.9566,7278996,73231960.83,7685595000.0,7685595000.0
2014-08-07,'002242,九阳股份,10.18,10.24,9.92,9.93,9.93,0.25,2.5176,2.0095,15291106,154043953.45,7746471000.0,7746471000.0
2014-08-06,'002242,九阳股份,9.93,9.98,9.81,9.95,9.98,-0.05,-0.501,1.4081,10715155,106022269.06,7556233500.0,7556233500.0
2014-08-05,'002242,九阳股份,9.98,9.99,9.56,9.58,9.53,0.45,4.7219,2.325,17691954,174116715.88,7594281000.0,7594281000.0
2014-08-04,'002242,九阳股份,9.53,9.63,9.43,9.43,9.46,0.07,0.74,0.9747,7416916,70786302.22,7251853500.0,7251853500.0
2014-08-01,'002242,九阳股份,9.46,9.66,9.45,9.55,9.59,-0.13,-1.3556,0.8309,6322678,60428161.76,7198587000.0,7198587000.0
2014-07-31,'002242,九阳股份,9.59,9.6,9.47,9.56,9.56,0.03,0.3138,0.7837,5963400,56912427.21,7297510500.0,7297510500.0
2014-07-30,'002242,九阳股份,9.56,9.63,9.44,9.49,9.51,0.05,0.5258,1.0088,7676770,73241735.5,7274682000.0,7274682000.0
2014-07-29,'002242,九阳股份,9.51,9.54,9.39,9.51,9.51,0.0,0.0,1.0614,8076602,76551779.79,7236634500.0,7236634500.0
2014-07-28,'002242,九阳股份,9.51,9.55,9.14,9.14,9.1,0.41,4.5055,1.5515,11805844,110780980.32,7236634500.0,7236634500.0
2014-07-25,'002242,九阳股份,9.1,9.11,8.96,9.03,9.04,0.06,0.6637,0.4855,3694605,33404967.54,6924645000.0,6924645000.0
2014-07-24,'002242,九阳股份,9.04,9.07,8.89,8.99,8.99,0.05,0.5562,0.6423,4887506,43920557.67,6878988000.0,6878988000.0
2014-07-23,'002242,九阳股份,8.99,9.24,8.97,9.13,9.2,-0.21,-2.2826,0.7509,5714319,51870965.42,6840940500.0,6840940500.0
2014-07-22,'002242,九阳股份,9.2,9.21,9.0,9.02,9.02,0.18,1.9956,0.7625,5802336,52778013.12,7000740000.0,7000740000.0
2014-07-21,'002242,九阳股份,9.02,9.06,8.86,9.05,9.04,-0.02,-0.2212,0.6208,4723606,42359608.23,6863769000.0,6863769000.0
2014-07-18,'002242,九阳股份,9.04,9.2,9.0,9.12,9.13,-0.09,-0.9858,0.844,6422649,58374611.28,6878988000.0,6878988000.0
2014-07-17,'002242,九阳股份,9.13,9.35,9.11,9.35,9.35,-0.22,-2.3529,0.7341,5586118,51346754.06,6947473500.0,6947473500.0
2014-07-16,'002242,九阳股份,9.35,9.46,9.32,9.4,9.41,-0.06,-0.6376,0.6058,4609600,43107351.25,7114882500.0,7114882500.0
2014-07-15,'002242,九阳股份,9.41,9.56,9.39,9.56,9.57,-0.16,-1.6719,0.6552,4985756,47121642.07,7160539500.0,7160539500.0
2014-07-14,'002242,九阳股份,9.57,9.57,9.35,9.35,9.36,0.21,2.2436,0.6901,5251135,49696261.77,7282291500.0,7282291500.0
2014-07-11,'002242,九阳股份,9.36,9.45,9.3,9.42,9.38,-0.02,-0.2132,0.6157,4684984,43877310.51,7122492000.0,7122492000.0
2014-07-10,'002242,九阳股份,9.38,9.44,9.3,9.4,9.38,0.0,0.0,0.5822,4430219,41508524.61,7137711000.0,7137711000.0
2014-07-09,'002242,九阳股份,9.38,9.78,9.3,9.78,9.78,-0.4,-4.09,1.7822,13561549,129000898.1,7137711000.0,7137711000.0
2014-07-08,'002242,九阳股份,9.78,9.94,9.64,9.88,9.88,-0.1,-1.0121,0.9481,7214837,70521285.28,7442091000.0,7442091000.0
2014-07-07,'002242,九阳股份,9.88,10.18,9.85,10.06,10.1,-0.22,-2.1782,1.0275,7818416,78073616.34,7518186000.0,7518186000.0
2014-07-04,'002242,九阳股份,10.1,10.28,10.06,10.22,10.25,-0.15,-1.4634,0.694,5280945,53586877.91,7685595000.0,7685595000.0
2014-07-03,'002242,九阳股份,10.25,10.29,10.11,10.2,10.21,0.04,0.3918,0.7907,6016960,61510839.0,7799737500.0,7799737500.0
2014-07-02,'002242,九阳股份,10.21,10.3,10.04,10.3,10.33,-0.12,-1.1617,0.9363,7124704,72406278.79,7769299500.0,7769299500.0
2014-07-01,'002242,九阳股份,10.33,10.37,9.83,9.85,9.88,0.45,4.5547,1.709,13004953,132415484.55,7860613500.0,7860613500.0
2014-06-30,'002242,九阳股份,9.88,9.92,9.68,9.81,9.87,0.01,0.1013,0.8159,6208909,60806113.44,7518186000.0,7518186000.0
2014-06-27,'002242,九阳股份,9.87,10.08,9.75,9.82,9.9,-0.03,-0.303,1.0083,7672350,76287057.36,7510576500.0,7510576500.0
2014-06-26,'002242,九阳股份,9.9,10.03,9.84,9.89,9.92,-0.02,-0.2016,0.9924,7551611,74769586.29,7533405000.0,7533405000.0
2014-06-25,'002242,九阳股份,9.92,9.94,9.51,9.55,9.53,0.39,4.0923,1.0747,8177621,79510957.33,7548624000.0,7548624000.0
2014-06-24,'002242,九阳股份,9.53,9.72,9.51,9.68,9.67,-0.14,-1.4478,0.7512,5716456,54807050.35,7251853500.0,7251853500.0
2014-06-23,'002242,九阳股份,9.67,9.84,9.48,9.65,9.6,0.07,0.7292,1.1888,9046035,87352340.41,7358386500.0,7358386500.0
2014-06-20,'002242,九阳股份,9.6,9.67,9.51,9.51,9.46,0.14,1.4799,0.9663,7353271,70437678.54,7305120000.0,7305120000.0
2014-06-19,'002242,九阳股份,9.46,9.84,9.3,9.59,9.59,-0.13,-1.3556,1.2804,9743144,93107953.34,7198587000.0,7198587000.0
2014-06-18,'002242,九阳股份,9.59,10.0,9.56,10.0,9.96,-0.37,-3.7149,1.4986,11403650,110596972.75,7297510500.0,7297510500.0
2014-06-17,'002242,九阳股份,9.96,10.2,9.94,10.2,10.28,-0.32,-3.1128,1.2621,9603936,96720838.25,7579062000.0,7579062000.0
2014-06-16,'002242,九阳股份,10.28,10.33,10.04,10.1,10.2,0.08,0.7843,2.0,15218843,155268920.34,7822566000.0,7822566000.0
2014-06-13,'002242,九阳股份,10.2,10.48,10.08,10.15,10.05,0.15,1.4925,3.4888,26547739,272230425.75,7761690000.0,7761690000.0
2014-06-12,'002242,九阳股份,10.05,10.05,9.09,9.14,9.14,0.91,9.9562,3.4662,26376342,254853038.4,7647547500.0,7647547500.0
2014-06-11,'002242,九阳股份,9.14,9.21,8.79,8.82,8.81,0.33,3.7457,1.9053,14498267,131099799.47,6955083000.0,6955083000.0
2014-06-10,'002242,九阳股份,8.81,8.86,8.63,8.8,8.78,0.03,0.3417,0.8384,6379824,55997103.44,6703969500.0,6703969500.0
2014-06-09,'002242,九阳股份,8.78,8.94,8.72,8.88,8.98,-0.2,-2.2272,0.8719,6634406,58537381.24,6681141000.0,6681141000.0
2014-06-06,'002242,九阳股份,8.98,9.17,8.42,8.75,8.88,0.1,1.1261,2.1286,16197687,142440622.08,6833331000.0,6833331000.0
2014-06-05,'002242,九阳股份,0.0,0.0,0.0,0.0,8.88,None,None,0.0,0,0.0,6757236000.0,6757236000.0
2014-06-04,'002242,九阳股份,8.88,8.96,8.55,8.74,8.72,0.16,1.8349,1.0411,7922101,69448110.07,6757236000.0,6757236000.0
2014-06-03,'002242,九阳股份,8.72,8.86,8.7,8.85,8.79,-0.07,-0.7964,0.4637,3528275,30949946.74,6635484000.0,6635484000.0
2014-05-30,'002242,九阳股份,8.79,8.89,8.63,8.81,8.85,-0.06,-0.678,0.6333,4819211,42299782.79,6688750500.0,6688750500.0
2014-05-29,'002242,九阳股份,8.85,9.07,8.84,9.01,9.02,-0.17,-1.8847,0.7799,5934391,52946971.32,6734407500.0,6734407500.0
2014-05-28,'002242,九阳股份,9.02,9.1,8.78,8.9,8.92,0.1,1.1211,1.2911,9824368,88089212.93,6863769000.0,6863769000.0
2014-05-27,'002242,九阳股份,8.92,9.06,8.87,9.06,9.05,-0.13,-1.4365,1.0596,8062654,72018625.7,6787674000.0,6787674000.0
2014-05-26,'002242,九阳股份,9.05,9.06,8.8,8.85,8.82,0.23,2.6077,1.2212,9292958,83214456.46,6886597500.0,6886597500.0
2014-05-23,'002242,九阳股份,8.82,8.87,8.68,8.72,8.79,0.03,0.3413,0.8627,6564819,57392600.68,6711579000.0,6711579000.0
2014-05-22,'002242,九阳股份,8.79,9.06,8.78,8.86,8.88,-0.09,-1.0135,1.5071,11468003,101979967.18,6688750500.0,6688750500.0
2014-05-21,'002242,九阳股份,8.88,9.0,8.4,8.49,8.51,0.37,4.3478,1.5678,11929914,104592556.31,6757236000.0,6757236000.0
2014-05-20,'002242,九阳股份,8.51,8.77,8.47,8.5,8.48,0.03,0.3538,1.3257,10087830,86850202.55,6475684500.0,6475684500.0
2014-05-19,'002242,九阳股份,8.48,8.69,8.26,8.36,8.37,0.11,1.3142,0.9113,6934337,58321278.58,6452856000.0,6452856000.0
2014-05-16,'002242,九阳股份,8.37,8.73,8.25,8.69,8.69,-0.32,-3.6824,1.2698,9662878,81056575.37,6369151500.0,6369151500.0
2014-05-15,'002242,九阳股份,8.69,8.89,8.66,8.89,8.9,-0.21,-2.3596,0.4959,3773888,33008322.08,6612655500.0,6612655500.0
2014-05-14,'002242,九阳股份,8.9,8.96,8.78,8.85,8.77,0.13,1.4823,0.7428,5652319,50132483.02,6772455000.0,6772455000.0
2014-05-13,'002242,九阳股份,8.77,9.04,8.74,8.99,9.0,-0.23,-2.5556,1.0797,8216241,72821230.55,6673531500.0,6673531500.0
2014-05-12,'002242,九阳股份,9.0,9.17,8.64,8.76,8.74,0.26,2.9748,1.7355,13206108,117400220.26,6848550000.0,6848550000.0
2014-05-09,'002242,九阳股份,8.74,9.25,8.62,9.2,9.25,-0.51,-5.5135,1.1659,8871863,79223103.41,6650703000.0,6650703000.0
2014-05-08,'002242,九阳股份,9.25,9.54,9.09,9.25,9.36,-0.11,-1.1752,0.9546,7264269,67587545.93,7038787500.0,7038787500.0
2014-05-07,'002242,九阳股份,9.36,9.69,9.02,9.5,9.55,-0.19,-1.9895,1.4443,10990094,101764470.92,7122492000.0,7122492000.0
2014-05-06,'002242,九阳股份,9.55,9.68,9.4,9.48,9.47,0.08,0.8448,0.6577,5004465,47757781.7,7267072500.0,7267072500.0
2014-05-05,'002242,九阳股份,9.47,9.53,9.02,9.37,9.44,0.03,0.3178,0.5627,4282009,39723135.21,7206196500.0,7206196500.0
2014-04-30,'002242,九阳股份,9.94,9.99,9.82,9.98,9.91,0.03,0.3027,0.5929,4511781,44708917.6,7563843000.0,7563843000.0
2014-04-29,'002242,九阳股份,9.91,9.92,9.68,9.68,9.73,0.18,1.8499,0.4762,3623687,35562493.62,7541014500.0,7541014500.0
2014-04-28,'002242,九阳股份,9.73,10.01,9.68,9.91,9.91,-0.18,-1.8163,0.6776,5155949,50619015.68,7404043500.0,7404043500.0
2014-04-25,'002242,九阳股份,9.91,10.42,9.88,10.39,10.35,-0.44,-4.2512,1.1919,9069402,91342523.02,7541014500.0,7541014500.0
2014-04-24,'002242,九阳股份,10.35,11.29,10.35,11.29,11.5,-1.15,-10.0,2.1037,16008221,167083274.25,7875832500.0,7875832500.0
2014-04-23,'002242,九阳股份,11.5,11.65,11.42,11.42,11.58,-0.08,-0.6908,0.311,2366372,27308024.28,8750925000.0,8750925000.0
2014-04-22,'002242,九阳股份,11.58,12.03,11.45,11.88,11.96,-0.38,-3.1773,0.5817,4426346,51555893.91,8811801000.0,8811801000.0
2014-04-21,'002242,九阳股份,11.96,12.3,11.91,12.08,12.22,-0.26,-2.1277,0.4176,3177578,38427573.1,9100962000.0,9100962000.0
2014-04-18,'002242,九阳股份,12.22,12.39,11.92,12.06,12.06,0.16,1.3267,0.5035,3831039,46743309.23,9298809000.0,9298809000.0
2014-04-17,'002242,九阳股份,12.06,12.21,11.92,12.06,12.05,0.01,0.083,0.3086,2348040,28302897.64,9177057000.0,9177057000.0
2014-04-16,'002242,九阳股份,12.05,12.36,12.01,12.2,12.2,-0.15,-1.2295,0.4217,3209256,39052436.03,9169447500.0,9169447500.0
2014-04-15,'002242,九阳股份,12.2,12.42,12.16,12.36,12.37,-0.17,-1.3743,0.4332,3296377,40514803.23,9283590000.0,9283590000.0
2014-04-14,'002242,九阳股份,12.37,12.44,11.88,12.0,12.15,0.22,1.8107,0.7731,5882874,71635445.22,9412951500.0,9412951500.0
2014-04-11,'002242,九阳股份,12.15,12.35,11.86,12.33,12.45,-0.3,-2.4096,1.0296,7835113,94338320.67,9245542500.0,9245542500.0
2014-04-10,'002242,九阳股份,12.45,12.54,12.3,12.42,12.4,0.05,0.4032,0.5669,4314201,53554550.72,9473827500.0,9473827500.0
2014-04-09,'002242,九阳股份,12.4,12.53,12.25,12.4,12.4,0.0,0.0,0.5061,3850844,47646644.09,9435780000.0,9435780000.0
2014-04-08,'002242,九阳股份,12.4,12.6,12.08,12.3,12.27,0.13,1.0595,0.6507,4951526,61317603.5,9435780000.0,9435780000.0
2014-04-04,'002242,九阳股份,12.27,12.36,11.83,11.99,11.99,0.28,2.3353,0.7092,5396381,65805918.5,9336856500.0,9336856500.0
2014-04-03,'002242,九阳股份,11.99,12.14,11.47,11.47,11.57,0.42,3.6301,0.7964,6060332,71991966.98,9123790500.0,9123790500.0
2014-04-02,'002242,九阳股份,11.57,11.74,11.4,11.58,11.58,-0.01,-0.0864,0.4057,3087458,35721417.48,8804191500.0,8804191500.0
2014-04-01,'002242,九阳股份,11.58,11.62,11.36,11.39,11.31,0.27,2.3873,0.3636,2766778,31870489.96,8811801000.0,8811801000.0
2014-03-31,'002242,九阳股份,11.31,11.69,11.25,11.29,11.3,0.01,0.0885,0.5254,3998113,45771509.09,8606344500.0,8606344500.0
2014-03-28,'002242,九阳股份,11.3,12.03,11.22,12.03,12.03,-0.73,-6.0682,1.1876,9037359,104100294.36,8598735000.0,8598735000.0
2014-03-27,'002242,九阳股份,12.03,12.98,11.91,12.05,12.15,-0.12,-0.9877,1.7534,13342506,166734420.51,9154228500.0,9154228500.0
2014-03-26,'002242,九阳股份,12.15,12.2,11.65,11.71,11.82,0.33,2.7919,0.665,5060051,60329285.39,9245542500.0,9245542500.0
2014-03-25,'002242,九阳股份,11.82,11.95,11.7,11.85,11.9,-0.08,-0.6723,0.5397,4107182,48582101.47,8994429000.0,8994429000.0
2014-03-24,'002242,九阳股份,11.9,12.33,11.84,11.96,12.04,-0.14,-1.1628,0.6497,4944114,59405302.82,9055305000.0,9055305000.0
2014-03-21,'002242,九阳股份,12.04,12.25,11.5,11.82,12.12,-0.08,-0.6601,0.8371,6369564,75349191.03,9161838000.0,9161838000.0
2014-03-20,'002242,九阳股份,12.12,13.01,12.08,12.88,12.98,-0.86,-6.6256,1.0245,7796043,97610192.0,9222714000.0,9222714000.0
2014-03-19,'002242,九阳股份,12.98,13.06,12.6,13.06,13.07,-0.09,-0.6886,0.7838,5964315,76330177.9,9877131000.0,9877131000.0
2014-03-18,'002242,九阳股份,13.07,13.22,12.8,13.02,13.07,0.0,0.0,0.8949,6809486,88429273.57,9945616500.0,9945616500.0
2014-03-17,'002242,九阳股份,13.07,13.14,12.35,12.4,12.46,0.61,4.8957,1.4401,10958493,141678492.66,9945616500.0,9945616500.0
2014-03-14,'002242,九阳股份,12.46,12.66,11.71,11.71,11.76,0.7,5.9524,1.7932,13645515,168445587.46,9481437000.0,9481437000.0
2014-03-13,'002242,九阳股份,11.76,11.88,11.45,11.47,11.45,0.31,2.7074,0.7053,5366773,62871517.33,8948772000.0,8948772000.0
2014-03-12,'002242,九阳股份,11.45,11.92,11.28,11.53,11.44,0.01,0.0874,1.1746,8938402,103704944.11,8712877500.0,8712877500.0
2014-03-11,'002242,九阳股份,11.44,11.69,11.25,11.3,11.32,0.12,1.0601,1.1856,9021788,103158933.99,8705268000.0,8705268000.0
2014-03-10,'002242,九阳股份,11.32,12.38,11.1,12.15,12.09,-0.77,-6.3689,1.4537,11062139,131038940.72,8613954000.0,8613954000.0
2014-03-07,'002242,九阳股份,12.09,12.63,12.03,12.53,12.56,-0.47,-3.742,1.1651,8866111,108571142.47,9199885500.0,9199885500.0
2014-03-06,'002242,九阳股份,12.56,12.67,12.01,12.35,12.48,0.08,0.641,1.1117,8459850,104750433.36,9557532000.0,9557532000.0
2014-03-05,'002242,九阳股份,12.48,12.74,12.28,12.6,12.69,-0.21,-1.6548,1.1349,8635644,107704076.14,9496656000.0,9496656000.0
2014-03-04,'002242,九阳股份,12.69,12.97,12.14,12.97,12.97,-0.28,-2.1588,1.3482,10259322,127887086.71,9656455500.0,9656455500.0
2014-03-03,'002242,九阳股份,12.97,13.25,12.74,13.0,13.06,-0.09,-0.6891,0.9215,7012067,91170303.05,9869521500.0,9869521500.0
2014-02-28,'002242,九阳股份,13.06,13.14,12.51,12.9,13.02,0.04,0.3072,1.1201,8523353,109513793.78,9938007000.0,9938007000.0
2014-02-27,'002242,九阳股份,13.02,13.79,12.86,12.86,12.85,0.17,1.323,1.9374,14742851,196349921.13,9907569000.0,9907569000.0
2014-02-26,'002242,九阳股份,12.85,12.93,12.01,12.48,12.6,0.25,1.9841,1.2409,9442575,117813908.07,9778207500.0,9778207500.0
2014-02-25,'002242,九阳股份,12.6,13.35,12.18,12.85,12.82,-0.22,-1.7161,2.1418,16297888,209712990.01,9587970000.0,9587970000.0
2014-02-24,'002242,九阳股份,12.82,13.05,12.42,13.0,13.06,-0.24,-1.8377,1.578,12007775,153216709.91,9755379000.0,9755379000.0
2014-02-21,'002242,九阳股份,13.06,13.55,12.78,13.3,13.33,-0.27,-2.0255,1.3963,10625039,139486428.7,9938007000.0,9938007000.0
2014-02-20,'002242,九阳股份,13.33,14.29,13.26,14.28,14.36,-1.03,-7.1727,2.6266,19986778,272905325.49,10143463500.0,10143463500.0
2014-02-19,'002242,九阳股份,14.36,14.74,14.19,14.28,14.3,0.06,0.4196,1.4301,10882556,157098490.55,10927242000.0,10927242000.0
2014-02-18,'002242,九阳股份,14.3,14.55,14.13,14.55,14.56,-0.26,-1.7857,1.3011,9900987,141383413.24,10881585000.0,10881585000.0
2014-02-17,'002242,九阳股份,14.56,14.8,14.0,14.41,14.4,0.16,1.1111,1.795,13658804,197087087.7,11079432000.0,11079432000.0
2014-02-14,'002242,九阳股份,14.4,14.77,13.86,14.11,14.2,0.2,1.4085,1.7705,13472641,194368441.14,10957680000.0,10957680000.0
2014-02-13,'002242,九阳股份,14.2,14.8,13.46,14.62,14.96,-0.76,-5.0802,2.494,18978272,272699797.95,10805490000.0,10805490000.0
2014-02-12,'002242,九阳股份,14.96,15.58,14.91,15.2,15.31,-0.35,-2.2861,1.2426,9455680,142867182.06,11383812000.0,11383812000.0
2014-02-11,'002242,九阳股份,15.31,15.54,14.71,15.3,15.66,-0.35,-2.235,2.099,15972421,242737849.26,11650144500.0,11650144500.0
2014-02-10,'002242,九阳股份,15.66,16.11,14.99,14.99,14.8,0.86,5.8108,3.1757,24165455,376661175.77,11916477000.0,11916477000.0
2014-02-07,'002242,九阳股份,14.8,14.8,13.67,13.67,13.45,1.35,10.0372,2.9375,22352956,324569101.79,11262060000.0,11262060000.0
2014-01-30,'002242,九阳股份,13.45,13.9,13.2,13.5,13.68,-0.23,-1.6813,0.8419,6406134,86463676.98,10234777500.0,10234777500.0
2014-01-29,'002242,九阳股份,13.68,13.89,12.8,13.15,13.25,0.43,3.2453,1.7549,13353963,179438065.91,10409796000.0,10409796000.0
2014-01-28,'002242,九阳股份,13.25,13.52,12.71,12.8,12.8,0.45,3.5156,1.6129,12273547,160968820.74,10082587500.0,10082587500.0
2014-01-27,'002242,九阳股份,12.8,13.15,12.71,12.8,12.92,-0.12,-0.9288,1.1684,8890756,114871781.04,9740160000.0,9740160000.0
2014-01-24,'002242,九阳股份,12.92,13.29,12.75,12.84,13.07,-0.15,-1.1477,2.0203,15373829,199014635.18,9831474000.0,9831474000.0
2014-01-23,'002242,九阳股份,13.07,13.66,12.75,13.01,12.99,0.08,0.6159,2.7847,21190104,280868821.71,9945616500.0,9945616500.0
2014-01-22,'002242,九阳股份,12.99,13.4,12.74,13.01,13.27,-0.28,-2.11,2.0911,15912481,206850642.64,9884740500.0,9884740500.0
2014-01-21,'002242,九阳股份,13.27,13.3,11.92,12.2,12.17,1.1,9.0386,2.57,19556398,245112415.29,10097806500.0,10097806500.0
2014-01-20,'002242,九阳股份,12.17,13.16,11.99,12.99,13.2,-1.03,-7.803,2.2942,17457523,216706660.09,9260761500.0,9260761500.0
2014-01-17,'002242,九阳股份,13.2,13.5,12.71,13.27,13.22,-0.02,-0.1513,1.4081,10714591,140466304.2,10044540000.0,10044540000.0
2014-01-16,'002242,九阳股份,13.22,13.95,13.2,13.33,13.67,-0.45,-3.2919,1.8534,14103812,191028771.23,10059759000.0,10059759000.0
2014-01-15,'002242,九阳股份,13.67,14.15,13.22,13.5,13.48,0.19,1.4095,2.6667,20292100,278075376.53,10402186500.0,10402186500.0
2014-01-14,'002242,九阳股份,13.48,13.48,12.01,12.39,12.25,1.23,10.0408,2.3945,18220671,234732615.94,10257606000.0,10257606000.0
2014-01-13,'002242,九阳股份,12.25,13.23,12.18,12.67,12.75,-0.5,-3.9216,1.6851,12822737,160706090.46,9321637500.0,9321637500.0
2014-01-10,'002242,九阳股份,12.75,13.38,11.91,11.97,12.21,0.54,4.4226,3.3909,25803221,325263942.44,9702112500.0,9702112500.0
2014-01-09,'002242,九阳股份,12.21,12.21,10.91,11.01,11.1,1.11,10.0,3.0607,23290775,277962979.15,9291199500.0,9291199500.0
2014-01-08,'002242,九阳股份,11.1,11.65,10.97,11.31,11.25,-0.15,-1.3333,1.4477,11015948,123517003.2,8446545000.0,8446545000.0
2014-01-07,'002242,九阳股份,11.25,11.7,11.01,11.42,11.65,-0.4,-3.4335,1.5458,11762879,133335682.33,8560687500.0,8560687500.0
2014-01-06,'002242,九阳股份,11.65,11.85,10.9,11.35,11.51,0.14,1.2163,2.4596,18716241,214589692.42,8865067500.0,8865067500.0
2014-01-03,'002242,九阳股份,11.51,11.58,10.35,10.46,10.53,0.98,9.3067,3.3809,25727075,287251024.71,8758534500.0,8758534500.0
2014-01-02,'002242,九阳股份,10.53,10.54,9.93,9.93,9.88,0.65,6.5789,2.0787,15818071,161838972.25,8012803500.0,8012803500.0
2013-12-31,'002242,九阳股份,9.88,10.18,9.75,10.18,10.18,-0.3,-2.947,1.619,12319867,122483743.44,7518186000.0,7518186000.0
2013-12-30,'002242,九阳股份,10.18,10.27,9.91,10.22,10.17,0.01,0.0983,1.7214,13098966,132228636.27,7746471000.0,7746471000.0
2013-12-27,'002242,九阳股份,10.17,10.3,9.96,10.13,10.15,0.02,0.197,2.8449,21648085,219232760.4,7738861500.0,7738861500.0
2013-12-26,'002242,九阳股份,10.15,11.52,10.11,11.3,11.16,-1.01,-9.0502,2.7689,21070272,230844657.26,7723642500.0,7723642500.0
2013-12-25,'002242,九阳股份,11.16,11.39,10.89,11.3,11.19,-0.03,-0.2681,2.3317,17743277,196980667.61,8492202000.0,8492202000.0
2013-12-24,'002242,九阳股份,11.19,11.8,11.01,11.22,11.44,-0.25,-2.1853,3.5221,26801412,304346377.34,8515030500.0,8515030500.0
2013-12-23,'002242,九阳股份,11.44,11.59,10.12,10.51,10.57,0.87,8.2308,4.3517,33113959,358921724.29,8705268000.0,8705268000.0
2013-12-20,'002242,九阳股份,10.57,10.83,10.35,10.5,10.45,0.12,1.1483,2.4975,19004804,201114559.34,8043241500.0,8043241500.0
2013-12-19,'002242,九阳股份,10.45,10.9,10.42,10.7,11.06,-0.61,-5.5154,3.1111,23673567,252203510.96,7951927500.0,7951927500.0
2013-12-18,'002242,九阳股份,11.06,11.57,10.61,10.95,11.08,-0.02,-0.1805,3.8979,29660913,329428418.69,8416107000.0,8416107000.0
2013-12-17,'002242,九阳股份,11.08,11.58,10.74,11.4,11.82,-0.74,-6.2606,4.4358,33754470,373334803.95,8431326000.0,8431326000.0
2013-12-16,'002242,九阳股份,11.82,11.82,10.7,10.96,10.76,1.06,9.8513,6.0868,46317654,524329974.68,8994429000.0,8994429000.0
2013-12-13,'002242,九阳股份,10.76,10.76,9.62,10.0,9.78,0.98,10.0204,5.1364,39085504,397951323.96,8187822000.0,8187822000.0
2013-12-12,'002242,九阳股份,9.78,10.26,9.51,9.51,9.34,0.44,4.7109,5.3488,40701871,400263436.7,7442091000.0,7442091000.0
2013-12-11,'002242,九阳股份,9.34,9.47,8.85,8.85,8.61,0.73,8.4785,6.2715,47722673,436761142.59,7107273000.0,7107273000.0
2013-12-10,'002242,九阳股份,8.61,8.61,7.77,7.82,7.83,0.78,9.9617,3.6402,27699796,231862485.25,6551779500.0,6551779500.0
2013-12-09,'002242,九阳股份,7.83,7.88,7.6,7.75,7.71,0.12,1.5564,1.3578,10332418,80098189.95,5958238500.0,5958238500.0
2013-12-06,'002242,九阳股份,7.71,7.87,7.56,7.63,7.65,0.06,0.7843,1.1605,8830669,68395867.98,5866924500.0,5866924500.0
2013-12-05,'002242,九阳股份,7.65,7.76,7.34,7.39,7.4,0.25,3.3784,0.8573,6523528,49134852.11,5821267500.0,5821267500.0
2013-12-04,'002242,九阳股份,7.4,7.51,7.25,7.31,7.3,0.1,1.3699,0.5736,4365010,32297253.11,5631030000.0,5631030000.0
2013-12-03,'002242,九阳股份,7.3,7.33,7.08,7.11,7.11,0.19,2.6723,0.5956,4532514,32740294.7,5554935000.0,5554935000.0
2013-12-02,'002242,九阳股份,7.11,7.48,7.07,7.46,7.57,-0.46,-6.0766,0.9413,7162550,52005380.73,5410354500.0,5410354500.0
2013-11-29,'002242,九阳股份,7.57,7.61,7.46,7.5,7.57,0.0,0.0,0.8269,6292139,47412404.51,5760391500.0,5760391500.0
2013-11-28,'002242,九阳股份,7.57,7.82,7.55,7.69,7.65,-0.08,-1.0458,1.0504,7993060,61553098.4,5760391500.0,5760391500.0
2013-11-27,'002242,九阳股份,7.65,7.69,7.55,7.65,7.63,0.02,0.2621,0.4148,3156273,24065537.68,5821267500.0,5821267500.0
2013-11-26,'002242,九阳股份,7.63,7.67,7.51,7.62,7.61,0.02,0.2628,0.4396,3345290,25370036.92,5806048500.0,5806048500.0
2013-11-25,'002242,九阳股份,7.61,7.82,7.54,7.6,7.69,-0.08,-1.0403,0.591,4496842,34534708.89,5790829500.0,5790829500.0
2013-11-22,'002242,九阳股份,7.69,7.9,7.64,7.82,7.93,-0.24,-3.0265,0.9271,7055113,54707103.32,5851705500.0,5851705500.0
2013-11-21,'002242,九阳股份,7.93,8.06,7.39,7.5,7.52,0.41,5.4521,1.0696,8139015,63394063.98,6034333500.0,6034333500.0
2013-11-20,'002242,九阳股份,7.52,7.55,7.38,7.55,7.5,0.02,0.2667,0.4035,3070756,22854444.82,5722344000.0,5722344000.0
2013-11-19,'002242,九阳股份,7.5,7.53,7.37,7.42,7.41,0.09,1.2146,0.3459,2631930,19623539.55,5707125000.0,5707125000.0
2013-11-18,'002242,九阳股份,7.41,7.45,7.26,7.3,7.29,0.12,1.6461,0.4097,3117424,22942340.88,5638639500.0,5638639500.0
2013-11-15,'002242,九阳股份,7.29,7.43,7.22,7.27,7.23,0.06,0.8299,0.3392,2581315,18938539.89,5547325500.0,5547325500.0
2013-11-14,'002242,九阳股份,7.23,7.27,7.01,7.12,7.12,0.11,1.5449,0.2945,2241161,16068728.55,5501668500.0,5501668500.0
2013-11-13,'002242,九阳股份,7.12,7.43,7.12,7.43,7.45,-0.33,-4.4295,0.4165,3169685,22944219.3,5417964000.0,5417964000.0
2013-11-12,'002242,九阳股份,7.45,7.57,7.43,7.57,7.48,-0.03,-0.4011,0.2934,2232916,16687810.71,5669077500.0,5669077500.0
2013-11-11,'002242,九阳股份,7.48,7.62,7.3,7.3,7.32,0.16,2.1858,0.2719,2068677,15428383.02,5691906000.0,5691906000.0
2013-11-08,'002242,九阳股份,7.32,7.39,7.21,7.3,7.34,-0.02,-0.2725,0.1656,1259763,9193750.37,5570154000.0,5570154000.0
2013-11-07,'002242,九阳股份,7.34,7.5,7.3,7.45,7.45,-0.11,-1.4765,0.2075,1578964,11681857.78,5585373000.0,5585373000.0
2013-11-06,'002242,九阳股份,7.45,7.64,7.41,7.5,7.48,-0.03,-0.4011,0.2354,1791129,13503625.38,5669077500.0,5669077500.0
2013-11-05,'002242,九阳股份,7.48,7.59,7.3,7.59,7.6,-0.12,-1.5789,0.2675,2035610,15096490.46,5691906000.0,5691906000.0
2013-11-04,'002242,九阳股份,7.6,7.78,7.56,7.78,7.69,-0.09,-1.1704,0.1897,1443889,11042886.78,5783220000.0,5783220000.0
2013-11-01,'002242,九阳股份,7.69,7.78,7.52,7.65,7.68,0.01,0.1302,0.2454,1867203,14302911.3,5851705500.0,5851705500.0
2013-10-31,'002242,九阳股份,7.68,7.86,7.51,7.6,7.68,0.0,0.0,0.3438,2615775,20127654.71,5844096000.0,5844096000.0
2013-10-30,'002242,九阳股份,7.68,7.72,7.54,7.55,7.59,0.09,1.1858,0.4176,3177614,24327976.25,5844096000.0,5844096000.0
2013-10-29,'002242,九阳股份,7.59,7.59,7.16,7.4,7.34,0.25,3.406,0.3689,2806789,20758141.01,5775610500.0,5775610500.0
2013-10-28,'002242,九阳股份,7.34,7.45,7.22,7.22,7.23,0.11,1.5214,0.1507,1146803,8411040.06,5585373000.0,5585373000.0
2013-10-25,'002242,九阳股份,7.23,7.41,7.18,7.35,7.33,-0.1,-1.3643,0.189,1438206,10463837.77,5501668500.0,5501668500.0
2013-10-24,'002242,九阳股份,7.33,7.37,7.22,7.29,7.3,0.03,0.411,0.2393,1821159,13271679.37,5577763500.0,5577763500.0
2013-10-23,'002242,九阳股份,7.3,7.77,7.27,7.72,7.71,-0.41,-5.3178,0.4472,3403022,25321090.33,5554935000.0,5554935000.0
2013-10-22,'002242,九阳股份,7.71,7.86,7.68,7.76,7.73,-0.02,-0.2587,0.3303,2513646,19512613.36,5866924500.0,5866924500.0
2013-10-21,'002242,九阳股份,7.73,7.74,7.53,7.64,7.6,0.13,1.7105,0.2718,2068132,15835067.55,5882143500.0,5882143500.0
2013-10-18,'002242,九阳股份,7.6,7.66,7.45,7.46,7.46,0.14,1.8767,0.2336,1777696,13459845.65,5783220000.0,5783220000.0
2013-10-17,'002242,九阳股份,7.46,7.75,7.4,7.66,7.64,-0.18,-2.356,0.3792,2885575,21860664.26,5676687000.0,5676687000.0
2013-10-16,'002242,九阳股份,7.64,7.92,7.55,7.85,7.92,-0.28,-3.5354,0.4304,3274919,25280682.07,5813658000.0,5813658000.0
2013-10-15,'002242,九阳股份,7.92,8.15,7.87,8.13,8.16,-0.24,-2.9412,0.501,3812160,30283057.77,6026724000.0,6026724000.0
2013-10-14,'002242,九阳股份,8.16,8.28,8.07,8.1,8.15,0.01,0.1227,0.3856,2934172,24060016.91,6209352000.0,6209352000.0
2013-10-11,'002242,九阳股份,8.15,8.24,8.03,8.15,8.16,-0.01,-0.1225,0.4022,3060723,24905587.37,6201742500.0,6201742500.0
2013-10-10,'002242,九阳股份,8.16,8.24,7.84,7.9,7.94,0.22,2.7708,0.6157,4684852,38003731.92,6209352000.0,6209352000.0
2013-10-09,'002242,九阳股份,7.94,7.99,7.81,7.93,7.95,-0.01,-0.1258,0.3272,2490047,19679360.26,6041943000.0,6041943000.0
2013-10-08,'002242,九阳股份,7.95,8.03,7.58,7.81,7.81,0.14,1.7926,0.4374,3328375,26072411.24,6049552500.0,6049552500.0
2013-09-30,'002242,九阳股份,7.81,7.94,7.56,7.74,7.76,0.05,0.6443,0.4789,3644569,28095709.93,5943019500.0,5943019500.0
2013-09-27,'002242,九阳股份,7.76,7.9,7.67,7.82,7.88,-0.12,-1.5228,0.3223,2452813,19120013.0,5904972000.0,5904972000.0
2013-09-26,'002242,九阳股份,7.88,8.05,7.66,7.96,7.97,-0.09,-1.1292,0.5492,4179120,32653935.53,5996286000.0,5996286000.0
2013-09-25,'002242,九阳股份,7.97,8.07,7.62,7.66,7.69,0.28,3.6411,0.7285,5543740,43971340.43,6064771500.0,6064771500.0
2013-09-24,'002242,九阳股份,7.69,7.84,7.48,7.67,7.5,0.19,2.5333,0.7838,5964285,45583070.78,5851705500.0,5851705500.0
2013-09-23,'002242,九阳股份,7.5,7.51,7.31,7.4,7.4,0.1,1.3514,0.4794,3648007,27113582.58,5707125000.0,5707125000.0
2013-09-18,'002242,九阳股份,7.4,7.43,7.19,7.2,7.24,0.16,2.2099,0.4658,3544423,26083067.34,5631030000.0,5631030000.0
2013-09-17,'002242,九阳股份,7.24,7.48,7.21,7.48,7.5,-0.26,-3.4667,0.7128,5423875,39633138.01,5509278000.0,5509278000.0
2013-09-16,'002242,九阳股份,7.5,7.59,7.34,7.59,7.6,-0.1,-1.3158,0.907,6901834,51357075.31,5707125000.0,5707125000.0
2013-09-13,'002242,九阳股份,7.6,7.68,7.41,7.5,7.51,0.09,1.1984,0.8807,6701341,50657901.29,5783220000.0,5783220000.0
2013-09-12,'002242,九阳股份,7.51,7.55,7.33,7.41,7.41,0.1,1.3495,0.7776,5917133,44204160.91,5714734500.0,5714734500.0
2013-09-11,'002242,九阳股份,7.41,7.53,7.28,7.38,7.43,-0.02,-0.2692,1.4886,11327651,84014414.99,5638639500.0,5638639500.0
2013-09-10,'002242,九阳股份,7.43,7.43,7.07,7.11,7.14,0.29,4.0616,1.7968,13672999,100295686.12,5653858500.0,5653858500.0
2013-09-09,'002242,九阳股份,7.14,7.24,6.58,6.58,6.58,0.56,8.5106,2.2743,17306364,121188920.53,5433183000.0,5433183000.0
2013-09-06,'002242,九阳股份,6.58,6.65,6.53,6.58,6.62,-0.04,-0.6042,0.238,1810830,11928941.39,5007051000.0,5007051000.0
2013-09-05,'002242,九阳股份,6.62,6.7,6.51,6.66,6.67,-0.05,-0.7496,0.3469,2639559,17458389.7,5037489000.0,5037489000.0
2013-09-04,'002242,九阳股份,6.67,6.82,6.62,6.67,6.68,-0.01,-0.1497,0.4466,3398414,22773801.94,5075536500.0,5075536500.0
2013-09-03,'002242,九阳股份,6.68,6.7,6.55,6.61,6.62,0.06,0.9063,0.5729,4359808,28882431.05,5083146000.0,5083146000.0
2013-09-02,'002242,九阳股份,6.62,6.66,6.42,6.58,6.55,0.07,1.0687,0.5445,4143091,27135526.68,5037489000.0,5037489000.0
2013-08-30,'002242,九阳股份,6.55,6.64,6.31,6.34,6.34,0.21,3.3123,1.0839,8248174,53684455.26,4984222500.0,4984222500.0
2013-08-29,'002242,九阳股份,6.34,6.37,6.25,6.32,6.38,-0.04,-0.627,0.3333,2536616,16023729.57,4824423000.0,4824423000.0
2013-08-28,'002242,九阳股份,6.38,6.46,6.33,6.46,6.45,-0.07,-1.0853,0.4495,3420175,21818664.41,4854861000.0,4854861000.0
2013-08-27,'002242,九阳股份,6.45,6.45,6.34,6.4,6.39,0.06,0.939,0.3308,2517517,16157889.4,4908127500.0,4908127500.0
2013-08-26,'002242,九阳股份,6.39,6.42,6.25,6.29,6.3,0.09,1.4286,0.2906,2211177,14073378.19,4862470500.0,4862470500.0
2013-08-23,'002242,九阳股份,6.3,6.4,6.16,6.36,6.36,-0.06,-0.9434,0.2251,1712808,10795359.83,4793985000.0,4793985000.0
2013-08-22,'002242,九阳股份,6.36,6.38,6.32,6.35,6.37,-0.01,-0.157,0.1469,1118157,7111010.7,4839642000.0,4839642000.0
2013-08-21,'002242,九阳股份,6.37,6.42,6.26,6.33,6.36,0.01,0.1572,0.1863,1417944,8970056.82,4847251500.0,4847251500.0
2013-08-20,'002242,九阳股份,6.36,6.37,6.23,6.25,6.26,0.1,1.5974,0.252,1917926,12087997.03,4839642000.0,4839642000.0
2013-08-19,'002242,九阳股份,6.26,6.27,6.1,6.11,6.2,0.06,0.9677,0.1546,1176777,7310702.21,4763547000.0,4763547000.0
2013-08-16,'002242,九阳股份,6.2,6.49,6.12,6.26,6.3,-0.1,-1.5873,0.3909,2974333,18528962.31,4717890000.0,4717890000.0
2013-08-15,'002242,九阳股份,6.3,6.42,6.28,6.4,6.37,-0.07,-1.0989,0.1818,1383739,8764512.42,4793985000.0,4793985000.0
2013-08-14,'002242,九阳股份,6.37,6.45,6.35,6.39,6.39,-0.02,-0.313,0.2166,1648027,10546077.06,4847251500.0,4847251500.0
2013-08-13,'002242,九阳股份,6.39,6.46,6.35,6.44,6.39,0.0,0.0,0.2283,1736908,11104002.75,4862470500.0,4862470500.0
2013-08-12,'002242,九阳股份,6.39,6.4,6.29,6.32,6.3,0.09,1.4286,0.2676,2036492,12955872.56,4862470500.0,4862470500.0
2013-08-09,'002242,九阳股份,6.3,6.33,6.24,6.28,6.28,0.02,0.3185,0.1623,1235239,7765660.07,4793985000.0,4793985000.0
2013-08-08,'002242,九阳股份,6.28,6.35,6.23,6.26,6.26,0.02,0.3195,0.179,1362415,8568059.31,4778766000.0,4778766000.0
2013-08-07,'002242,九阳股份,6.26,6.39,6.24,6.34,6.35,-0.09,-1.4173,0.2336,1777516,11218669.48,4763547000.0,4763547000.0
2013-08-06,'002242,九阳股份,6.35,6.37,6.28,6.35,6.35,0.0,0.0,0.255,1940235,12276921.81,4832032500.0,4832032500.0
2013-08-05,'002242,九阳股份,6.35,6.36,6.27,6.33,6.26,0.09,1.4377,0.254,1932554,12215674.53,4832032500.0,4832032500.0
2013-08-02,'002242,九阳股份,6.26,6.28,6.2,6.25,6.23,0.03,0.4815,0.1675,1274906,7965094.94,4763547000.0,4763547000.0
2013-08-01,'002242,九阳股份,6.23,6.25,6.05,6.1,6.1,0.13,2.1311,0.243,1849417,11433270.73,4740718500.0,4740718500.0
2013-07-31,'002242,九阳股份,6.1,6.15,6.05,6.1,6.05,0.05,0.8264,0.1206,917893,5597902.98,4641795000.0,4641795000.0
2013-07-30,'002242,九阳股份,6.05,6.12,5.98,6.03,6.04,0.01,0.1656,0.1337,1017250,6152650.33,4603747500.0,4603747500.0
2013-07-29,'002242,九阳股份,6.04,6.22,6.03,6.22,6.24,-0.2,-3.2051,0.1829,1391550,8519277.42,4596138000.0,4596138000.0
2013-07-26,'002242,九阳股份,6.24,6.24,6.12,6.21,6.22,0.02,0.3215,0.2046,1557145,9619593.93,4748328000.0,4748328000.0
2013-07-25,'002242,九阳股份,6.22,6.43,6.18,6.43,6.41,-0.19,-2.9641,0.2953,2246773,14116797.99,4733109000.0,4733109000.0
2013-07-24,'002242,九阳股份,6.41,6.47,6.33,6.41,6.4,0.01,0.1563,0.3375,2567982,16441604.16,4877689500.0,4877689500.0
2013-07-23,'002242,九阳股份,6.4,6.53,6.2,6.33,6.33,0.07,1.1058,0.5039,3834253,24499649.13,4870080000.0,4870080000.0
2013-07-22,'002242,九阳股份,6.33,6.34,6.12,6.29,6.34,-0.01,-0.1577,0.2241,1705420,10676182.15,4816813500.0,4816813500.0
2013-07-19,'002242,九阳股份,6.34,6.56,6.3,6.55,6.51,-0.17,-2.6114,0.9621,7320960,47030838.11,4824423000.0,4824423000.0
2013-07-18,'002242,九阳股份,6.51,6.65,6.08,6.15,6.15,0.36,5.8537,1.1141,8478112,54944426.0,4953784500.0,4953784500.0
2013-07-17,'002242,九阳股份,6.15,6.27,6.13,6.21,6.25,-0.1,-1.6,0.1143,869889,5398123.56,4679842500.0,4679842500.0
2013-07-16,'002242,九阳股份,6.25,6.26,6.13,6.18,6.18,0.07,1.1327,0.1962,1493195,9288175.29,4755937500.0,4755937500.0
2013-07-15,'002242,九阳股份,6.18,6.22,6.11,6.12,6.12,0.06,0.9804,0.194,1475945,9113581.57,4702671000.0,4702671000.0
2013-07-12,'002242,九阳股份,6.12,6.25,6.1,6.2,6.21,-0.09,-1.4493,0.1833,1394913,8587006.08,4657014000.0,4657014000.0
2013-07-11,'002242,九阳股份,6.21,6.26,6.05,6.05,6.06,0.15,2.4752,0.2934,2232592,13782495.66,4725499500.0,4725499500.0
2013-07-10,'002242,九阳股份,6.06,6.06,5.93,5.93,5.93,0.13,2.1922,0.1552,1180912,7092546.11,4611357000.0,4611357000.0
2013-07-09,'002242,九阳股份,5.93,6.05,5.92,5.95,6.0,-0.07,-1.1667,0.0891,677773,4045885.25,4512433500.0,4512433500.0
2013-07-08,'002242,九阳股份,6.0,6.14,5.92,6.12,6.13,-0.13,-2.1207,0.2934,2232415,13499625.64,4565700000.0,4565700000.0
2013-07-05,'002242,九阳股份,6.13,6.28,6.08,6.09,6.08,0.05,0.8224,0.2416,1838610,11290143.34,4664623500.0,4664623500.0
2013-07-04,'002242,九阳股份,6.08,6.15,6.03,6.09,6.1,-0.02,-0.3279,0.2641,2009677,12245702.03,4626576000.0,4626576000.0
2013-07-03,'002242,九阳股份,6.1,6.11,5.91,5.96,5.96,0.14,2.349,0.2934,2232301,13394147.12,4641795000.0,4641795000.0
2013-07-02,'002242,九阳股份,5.96,5.97,5.79,5.82,5.84,0.12,2.0548,0.2652,2017700,11866041.13,4535262000.0,4535262000.0
2013-07-01,'002242,九阳股份,5.84,5.85,5.69,5.75,5.77,0.07,1.2132,0.41,3119935,17914713.66,4443948000.0,4443948000.0
2013-06-28,'002242,九阳股份,5.77,5.88,5.72,5.78,5.79,-0.02,-0.3454,0.1392,1059594,6132186.28,4390681500.0,4390681500.0
2013-06-27,'002242,九阳股份,5.79,5.95,5.78,5.82,5.79,0.0,0.0,0.2408,1832674,10750304.1,4405900500.0,4405900500.0
2013-06-26,'002242,九阳股份,5.79,5.92,5.7,5.92,5.88,-0.09,-1.5306,0.2408,1832674,10614394.67,4405900500.0,4405900500.0
2013-06-25,'002242,九阳股份,5.88,5.94,5.36,5.87,5.88,0.0,0.0,0.4048,3080316,17627546.1,4474386000.0,4474386000.0
2013-06-24,'002242,九阳股份,5.88,6.16,5.87,6.14,6.14,-0.26,-4.2345,0.2596,1975249,11808357.39,4474386000.0,4474386000.0
2013-06-21,'002242,九阳股份,6.14,6.2,6.05,6.15,6.19,-0.05,-0.8078,0.1177,895913,5495139.71,4672233000.0,4672233000.0
2013-06-20,'002242,九阳股份,6.19,6.37,6.17,6.36,6.35,-0.16,-2.5197,0.1856,1412513,8835282.45,4710280500.0,4710280500.0
2013-06-19,'002242,九阳股份,6.35,6.36,6.12,6.29,6.29,0.06,0.9539,0.238,1810836,11343831.61,4832032500.0,4832032500.0
2013-06-18,'002242,九阳股份,6.29,6.34,6.25,6.27,6.27,0.02,0.319,0.1322,1006122,6316558.24,4786375500.0,4786375500.0
2013-06-17,'002242,九阳股份,6.27,6.35,6.25,6.3,6.29,-0.02,-0.318,0.1934,1471548,9260990.78,4771156500.0,4771156500.0
2013-06-14,'002242,九阳股份,6.29,6.3,6.21,6.21,6.22,0.07,1.1254,0.2053,1562273,9791861.13,4786375500.0,4786375500.0
2013-06-13,'002242,九阳股份,6.22,6.42,6.14,6.42,6.45,-0.23,-3.5659,0.269,2046784,12759609.75,4733109000.0,4733109000.0
2013-06-07,'002242,九阳股份,6.45,6.54,6.4,6.51,6.5,-0.05,-0.7692,0.2672,2033152,13130053.8,4908127500.0,4908127500.0
2013-06-06,'002242,九阳股份,6.5,6.64,6.49,6.64,6.65,-0.15,-2.2556,0.2964,2255783,14735094.94,4946175000.0,4946175000.0
2013-06-05,'002242,九阳股份,6.65,6.66,6.55,6.56,6.56,0.09,1.372,0.3149,2396168,15816268.28,5060317500.0,5060317500.0
2013-06-04,'002242,九阳股份,6.56,6.79,6.5,6.7,6.7,-0.14,-2.0896,0.5594,4256378,28308091.76,4991832000.0,4991832000.0
2013-06-03,'002242,九阳股份,6.7,6.89,6.69,6.7,6.98,-0.28,-4.0115,0.8651,6583285,44476219.75,5098365000.0,5098365000.0
2013-05-31,'002242,九阳股份,7.48,7.55,7.43,7.49,7.47,0.01,0.1339,1.2009,9138624,68523104.51,5691906000.0,5691906000.0
2013-05-30,'002242,九阳股份,7.47,7.48,7.38,7.4,7.44,0.03,0.4032,0.5661,4307517,32028313.69,5684296500.0,5684296500.0
2013-05-29,'002242,九阳股份,7.44,7.48,7.31,7.45,7.44,0.0,0.0,0.8614,6554926,48402842.91,5661468000.0,5661468000.0
2013-05-28,'002242,九阳股份,7.44,7.49,7.27,7.3,7.16,0.28,3.9106,1.2736,9691418,71781697.91,5661468000.0,5661468000.0
2013-05-27,'002242,九阳股份,7.16,7.23,7.14,7.2,7.2,-0.04,-0.5556,0.3278,2494674,17914109.65,5448402000.0,5448402000.0
2013-05-24,'002242,九阳股份,7.2,7.2,7.11,7.13,7.13,0.07,0.9818,0.3382,2573512,18396952.41,5478840000.0,5478840000.0
2013-05-23,'002242,九阳股份,7.13,7.21,7.11,7.18,7.17,-0.04,-0.5579,0.3575,2720305,19472637.92,5425573500.0,5425573500.0
2013-05-22,'002242,九阳股份,7.17,7.25,7.13,7.21,7.21,-0.04,-0.5548,0.4558,3468176,24943112.56,5456011500.0,5456011500.0
2013-05-21,'002242,九阳股份,7.21,7.31,7.17,7.28,7.28,-0.07,-0.9615,0.9033,6873486,49553456.03,5486449500.0,5486449500.0
2013-05-20,'002242,九阳股份,7.28,7.31,7.15,7.21,7.18,0.1,1.3928,0.5591,4254282,30821295.19,5539716000.0,5539716000.0
2013-05-17,'002242,九阳股份,7.18,7.21,7.09,7.11,7.1,0.08,1.1268,0.5495,4181155,29957760.1,5463621000.0,5463621000.0
2013-05-16,'002242,九阳股份,7.1,7.14,7.01,7.05,7.05,0.05,0.7092,0.3794,2887163,20461787.3,5402745000.0,5402745000.0
2013-05-15,'002242,九阳股份,7.05,7.07,6.96,7.02,7.02,0.03,0.4274,0.2351,1789179,12541759.25,5364697500.0,5364697500.0
2013-05-14,'002242,九阳股份,7.02,7.14,6.97,7.14,7.12,-0.1,-1.4045,0.2812,2140059,15024637.54,5341869000.0,5341869000.0
2013-05-13,'002242,九阳股份,7.12,7.13,7.0,7.02,7.02,0.1,1.4245,0.3326,2530593,17940917.86,5417964000.0,5417964000.0
2013-05-10,'002242,九阳股份,7.02,7.05,6.96,7.04,7.03,-0.01,-0.1422,0.2918,2220732,15552149.42,5341869000.0,5341869000.0
2013-05-09,'002242,九阳股份,7.03,7.09,6.99,7.09,7.07,-0.04,-0.5658,0.299,2275519,15980524.16,5349478500.0,5349478500.0
2013-05-08,'002242,九阳股份,7.07,7.11,7.03,7.06,7.06,0.01,0.1416,0.2587,1968865,13902382.76,5379916500.0,5379916500.0
2013-05-07,'002242,九阳股份,7.06,7.18,7.03,7.12,7.14,-0.08,-1.1204,0.2798,2129471,15068120.97,5372307000.0,5372307000.0
2013-05-06,'002242,九阳股份,7.14,7.15,7.06,7.12,7.1,0.04,0.5634,0.4083,3107027,22099820.19,5433183000.0,5433183000.0
2013-05-03,'002242,九阳股份,7.1,7.19,7.0,7.04,7.01,0.09,1.2839,0.7011,5334958,37899143.28,5402745000.0,5402745000.0
2013-05-02,'002242,九阳股份,7.01,7.01,6.85,6.95,6.91,0.1,1.4472,0.376,2860807,19862172.41,5334259500.0,5334259500.0
2013-04-26,'002242,九阳股份,6.91,7.07,6.81,6.99,6.99,-0.08,-1.1445,0.5427,4129686,28548278.91,5258164500.0,5258164500.0
2013-04-25,'002242,九阳股份,6.99,7.13,6.8,6.84,6.86,0.13,1.895,0.8019,6101768,42844975.62,5319040500.0,5319040500.0
2013-04-24,'002242,九阳股份,6.86,6.9,6.76,6.76,6.76,0.1,1.4793,0.3261,2481604,16962901.11,5220117000.0,5220117000.0
2013-04-23,'002242,九阳股份,6.76,6.93,6.75,6.9,6.9,-0.14,-2.029,0.368,2800293,19091168.82,5144022000.0,5144022000.0
2013-04-22,'002242,九阳股份,6.9,6.9,6.8,6.85,6.86,0.04,0.5831,0.4132,3144450,21552278.28,5250555000.0,5250555000.0
2013-04-19,'002242,九阳股份,6.86,6.9,6.78,6.78,6.78,0.08,1.1799,0.5652,4300997,29508027.47,5220117000.0,5220117000.0
2013-04-18,'002242,九阳股份,6.78,6.87,6.77,6.8,6.86,-0.08,-1.1662,0.3773,2871239,19591874.94,5159241000.0,5159241000.0
2013-04-17,'002242,九阳股份,6.86,6.92,6.73,6.86,6.86,0.0,0.0,0.5474,4165259,28358204.64,5220117000.0,5220117000.0
2013-04-16,'002242,九阳股份,6.86,6.89,6.7,6.8,6.79,0.07,1.0309,0.7693,5854223,39945089.83,5220117000.0,5220117000.0
2013-04-15,'002242,九阳股份,6.79,6.93,6.51,6.51,6.35,0.44,6.9291,1.4683,11173375,75911299.64,5166850500.0,5166850500.0
2013-04-12,'002242,九阳股份,6.35,6.49,6.32,6.45,6.45,-0.1,-1.5504,0.2068,1573814,10056359.87,4832032500.0,4832032500.0
2013-04-11,'002242,九阳股份,6.45,6.48,6.42,6.45,6.44,0.01,0.1553,0.2015,1533376,9890644.5,4908127500.0,4908127500.0
2013-04-10,'002242,九阳股份,6.44,6.48,6.4,6.48,6.46,-0.02,-0.3096,0.171,1301349,8364574.64,4900518000.0,4900518000.0
2013-04-09,'002242,九阳股份,6.46,6.5,6.42,6.44,6.44,0.02,0.3106,0.1969,1498066,9675461.82,4915737000.0,4915737000.0
2013-04-08,'002242,九阳股份,6.44,6.46,6.31,6.41,6.54,-0.1,-1.5291,0.2401,1827067,11679951.96,4900518000.0,4900518000.0
2013-04-03,'002242,九阳股份,6.54,6.63,6.52,6.58,6.57,-0.03,-0.4566,0.1765,1343374,8796037.42,4976613000.0,4976613000.0
2013-04-02,'002242,九阳股份,6.57,6.64,6.53,6.6,6.58,-0.01,-0.152,0.1837,1397878,9214199.58,4999441500.0,4999441500.0
2013-04-01,'002242,九阳股份,6.58,6.61,6.53,6.54,6.54,0.04,0.6116,0.2216,1686200,11079636.92,5007051000.0,5007051000.0
2013-03-29,'002242,九阳股份,6.54,6.56,6.5,6.55,6.52,0.02,0.3067,0.2051,1560561,10182030.71,4976613000.0,4976613000.0
2013-03-28,'002242,九阳股份,6.52,6.69,6.5,6.69,6.72,-0.2,-2.9762,0.3248,2471194,16241302.99,4961394000.0,4961394000.0
2013-03-27,'002242,九阳股份,6.72,6.77,6.68,6.7,6.72,0.0,0.0,0.158,1202113,8082936.56,5113584000.0,5113584000.0
2013-03-26,'002242,九阳股份,6.72,6.81,6.65,6.79,6.81,-0.09,-1.3216,0.237,1803080,12105869.54,5113584000.0,5113584000.0
2013-03-25,'002242,九阳股份,6.81,6.91,6.79,6.82,6.84,-0.03,-0.4386,0.5033,3830140,26196357.16,5182069500.0,5182069500.0
2013-03-22,'002242,九阳股份,6.84,6.87,6.79,6.81,6.81,0.03,0.4405,0.1959,1490610,10180515.17,5204898000.0,5204898000.0
2013-03-21,'002242,九阳股份,6.81,6.84,6.77,6.81,6.79,0.02,0.2946,0.3505,2667373,18134114.02,5182069500.0,5182069500.0
2013-03-20,'002242,九阳股份,6.79,6.79,6.61,6.65,6.65,0.14,2.1053,0.2831,2154201,14486906.22,5166850500.0,5166850500.0
2013-03-19,'002242,九阳股份,6.65,6.66,6.56,6.62,6.62,0.03,0.4532,0.1579,1201859,7954632.28,5060317500.0,5060317500.0
2013-03-18,'002242,九阳股份,6.62,6.74,6.6,6.74,6.73,-0.11,-1.6345,0.1951,1484718,9882914.08,5037489000.0,5037489000.0
2013-03-15,'002242,九阳股份,6.73,6.82,6.66,6.72,6.72,0.01,0.1488,0.1754,1334820,9006852.4,5121193500.0,5121193500.0
2013-03-14,'002242,九阳股份,6.72,6.79,6.7,6.71,6.72,0.0,0.0,0.1442,1097602,7387612.3,5113584000.0,5113584000.0
2013-03-13,'002242,九阳股份,6.72,6.82,6.68,6.82,6.82,-0.1,-1.4663,0.2128,1619259,10917712.61,5113584000.0,5113584000.0
2013-03-12,'002242,九阳股份,6.82,7.08,6.74,7.03,7.04,-0.22,-3.125,0.3076,2340940,16145268.65,5189679000.0,5189679000.0
2013-03-11,'002242,九阳股份,7.04,7.07,6.98,7.0,7.02,0.02,0.2849,0.1486,1130633,7950406.3,5357088000.0,5357088000.0
2013-03-08,'002242,九阳股份,7.02,7.06,6.99,7.01,7.01,0.01,0.1427,0.2134,1624220,11418183.96,5341869000.0,5341869000.0
2013-03-07,'002242,九阳股份,7.01,7.15,6.96,7.13,7.1,-0.09,-1.2676,0.407,3097308,21863898.86,5334259500.0,5334259500.0
2013-03-06,'002242,九阳股份,7.1,7.14,7.02,7.04,7.03,0.07,0.9957,0.4618,3513713,24886525.2,5402745000.0,5402745000.0
2013-03-05,'002242,九阳股份,7.03,7.04,6.85,6.89,6.89,0.14,2.0319,0.3513,2672957,18629340.18,5349478500.0,5349478500.0
2013-03-04,'002242,九阳股份,6.89,7.18,6.88,7.18,7.21,-0.32,-4.4383,0.5193,3951632,27693473.65,5242945500.0,5242945500.0
2013-03-01,'002242,九阳股份,7.21,7.22,7.12,7.16,7.17,0.04,0.5579,0.3287,2501453,17915174.23,5486449500.0,5486449500.0
2013-02-28,'002242,九阳股份,7.17,7.18,7.03,7.07,7.08,0.09,1.2712,0.3568,2715153,19334908.97,5456011500.0,5456011500.0
2013-02-27,'002242,九阳股份,7.08,7.17,7.02,7.12,7.12,-0.04,-0.5618,0.33,2511094,17812338.34,5387526000.0,5387526000.0
2013-02-26,'002242,九阳股份,7.12,7.24,7.11,7.22,7.25,-0.13,-1.7931,0.3748,2852123,20432388.12,5417964000.0,5417964000.0
2013-02-25,'002242,九阳股份,7.25,7.27,7.17,7.18,7.18,0.07,0.9749,0.211,1605587,11617455.05,5516887500.0,5516887500.0
2013-02-22,'002242,九阳股份,7.18,7.26,7.15,7.22,7.21,-0.03,-0.4161,0.3166,2408879,17329056.06,5463621000.0,5463621000.0
2013-02-21,'002242,九阳股份,7.21,7.4,7.15,7.38,7.42,-0.21,-2.8302,0.5409,4115745,29842569.73,5486449500.0,5486449500.0
2013-02-20,'002242,九阳股份,7.42,7.44,7.19,7.3,7.31,0.11,1.5048,0.4636,3527939,25827572.55,5646249000.0,5646249000.0
2013-02-19,'002242,九阳股份,7.31,7.53,7.28,7.53,7.53,-0.22,-2.9216,0.6292,4788249,35327919.24,5562544500.0,5562544500.0
2013-02-18,'002242,九阳股份,7.53,7.65,7.5,7.57,7.49,0.04,0.534,0.7301,5555641,42011309.28,5729953500.0,5729953500.0
2013-02-08,'002242,九阳股份,7.49,7.58,7.36,7.38,7.34,0.15,2.0436,0.6619,5036887,37803862.34,5699515500.0,5699515500.0
2013-02-07,'002242,九阳股份,7.34,7.36,7.25,7.29,7.3,0.04,0.5479,0.3884,2955395,21611536.81,5585373000.0,5585373000.0
2013-02-06,'002242,九阳股份,7.3,7.36,7.24,7.24,7.25,0.05,0.6897,0.5272,4011847,29329182.5,5554935000.0,5554935000.0
2013-02-05,'002242,九阳股份,7.25,7.29,7.09,7.14,7.16,0.09,1.257,0.6658,5066365,36429899.42,5516887500.0,5516887500.0
2013-02-04,'002242,九阳股份,7.16,7.2,7.1,7.16,7.14,0.02,0.2801,0.4686,3566101,25518538.47,5448402000.0,5448402000.0
2013-02-01,'002242,九阳股份,7.14,7.15,7.03,7.06,7.07,0.07,0.9901,0.3631,2763085,19629487.57,5433183000.0,5433183000.0
2013-01-31,'002242,九阳股份,7.07,7.13,7.0,7.13,7.11,-0.04,-0.5626,0.378,2876353,20300252.62,5379916500.0,5379916500.0
2013-01-30,'002242,九阳股份,7.11,7.21,7.05,7.15,7.14,-0.03,-0.4202,0.5219,3971261,28258546.32,5410354500.0,5410354500.0
2013-01-29,'002242,九阳股份,7.14,7.18,7.1,7.16,7.15,-0.01,-0.1399,0.3961,3014205,21530464.46,5433183000.0,5433183000.0
2013-01-28,'002242,九阳股份,7.15,7.15,7.0,7.01,6.96,0.19,2.7299,0.4428,3369418,23876390.72,5440792500.0,5440792500.0
2013-01-25,'002242,九阳股份,6.96,7.03,6.93,7.0,6.97,-0.01,-0.1435,0.226,1719483,11998134.97,5296212000.0,5296212000.0
2013-01-24,'002242,九阳股份,6.97,7.24,6.9,7.17,7.13,-0.16,-2.244,0.552,4200686,29769746.64,5303821500.0,5303821500.0
2013-01-23,'002242,九阳股份,7.13,7.22,7.06,7.2,7.23,-0.1,-1.3831,0.4248,3232375,23049920.26,5425573500.0,5425573500.0
2013-01-22,'002242,九阳股份,7.23,7.37,7.15,7.37,7.37,-0.14,-1.8996,0.7311,5563594,40248847.12,5501668500.0,5501668500.0
2013-01-21,'002242,九阳股份,7.37,7.41,7.07,7.14,7.13,0.24,3.3661,0.8475,6448996,47052466.1,5608201500.0,5608201500.0
2013-01-18,'002242,九阳股份,7.13,7.16,6.98,7.04,7.03,0.1,1.4225,0.6396,4867288,34452307.02,5425573500.0,5425573500.0
2013-01-17,'002242,九阳股份,7.03,7.28,6.99,7.22,7.22,-0.19,-2.6316,0.7051,5365590,37983611.46,5349478500.0,5349478500.0
2013-01-16,'002242,九阳股份,7.22,7.28,7.12,7.25,7.25,-0.03,-0.4138,0.4051,3082626,22195814.61,5494059000.0,5494059000.0
2013-01-15,'002242,九阳股份,7.25,7.36,7.12,7.15,7.13,0.12,1.683,0.7375,5611913,40790843.28,5516887500.0,5516887500.0
2013-01-14,'002242,九阳股份,7.13,7.15,6.85,6.86,6.87,0.26,3.7846,0.3923,2984877,20997313.95,5425573500.0,5425573500.0
2013-01-11,'002242,九阳股份,6.87,7.15,6.85,7.1,7.11,-0.24,-3.3755,0.4007,3048856,21294115.3,5227726500.0,5227726500.0
2013-01-10,'002242,九阳股份,7.11,7.18,7.01,7.01,7.03,0.08,1.138,0.4835,3679442,26184127.26,5410354500.0,5410354500.0
2013-01-09,'002242,九阳股份,7.03,7.05,6.95,7.0,7.01,0.02,0.2853,0.3582,2725803,19060388.03,5349478500.0,5349478500.0
2013-01-08,'002242,九阳股份,7.01,7.09,6.95,7.05,7.05,-0.04,-0.5674,0.3139,2388471,16722851.48,5334259500.0,5334259500.0
2013-01-07,'002242,九阳股份,7.05,7.08,6.98,7.0,7.03,0.02,0.2845,0.2274,1730127,12149937.31,5364697500.0,5364697500.0
2013-01-04,'002242,九阳股份,7.03,7.15,6.95,7.07,6.98,0.05,0.7163,0.3815,2903378,20424061.11,5349478500.0,5349478500.0
2012-12-31,'002242,九阳股份,6.98,7.1,6.89,6.94,6.93,0.05,0.7215,0.3152,2398595,16820272.77,5311431000.0,5311431000.0
2012-12-28,'002242,九阳股份,6.93,6.93,6.86,6.91,6.89,0.04,0.5806,0.2533,1927760,13311186.34,5273383500.0,5273383500.0
2012-12-27,'002242,九阳股份,6.89,6.96,6.85,6.93,6.92,-0.03,-0.4335,0.3217,2447951,16885697.12,5242945500.0,5242945500.0
2012-12-26,'002242,九阳股份,6.92,6.93,6.85,6.85,6.87,0.05,0.7278,0.3157,2402262,16559666.59,5265774000.0,5265774000.0
2012-12-25,'002242,九阳股份,6.87,6.91,6.68,6.7,6.72,0.15,2.2321,0.4679,3560336,24308652.78,5227726500.0,5227726500.0
2012-12-24,'002242,九阳股份,6.72,6.77,6.65,6.72,6.72,0.0,0.0,0.1141,868454,5828250.83,5113584000.0,5113584000.0
2012-12-21,'002242,九阳股份,6.72,6.86,6.65,6.68,6.66,0.06,0.9009,0.3121,2374673,16054260.9,5113584000.0,5113584000.0
2012-12-20,'002242,九阳股份,6.66,6.7,6.62,6.7,6.71,-0.05,-0.7452,0.1666,1267698,8449576.56,5067927000.0,5067927000.0
2012-12-19,'002242,九阳股份,6.71,6.73,6.64,6.66,6.67,0.04,0.5997,0.2018,1535465,10279298.31,5105974500.0,5105974500.0
2012-12-18,'002242,九阳股份,6.67,6.75,6.64,6.71,6.71,-0.04,-0.5961,0.1984,1509883,10103164.17,5075536500.0,5075536500.0
2012-12-17,'002242,九阳股份,6.71,6.75,6.65,6.69,6.65,0.06,0.9023,0.2587,1968733,13165691.66,5105974500.0,5105974500.0
2012-12-14,'002242,九阳股份,6.65,6.69,6.38,6.38,6.43,0.22,3.4215,0.3384,2574688,16946851.97,5060317500.0,5060317500.0
2012-12-13,'002242,九阳股份,6.43,6.49,6.4,6.49,6.47,-0.04,-0.6182,0.1405,1069124,6889135.93,4892908500.0,4892908500.0
2012-12-12,'002242,九阳股份,6.47,6.5,6.43,6.46,6.48,-0.01,-0.1543,0.1118,851086,5500802.94,4923346500.0,4923346500.0
2012-12-11,'002242,九阳股份,6.48,6.53,6.47,6.53,6.53,-0.05,-0.7657,0.1752,1332881,8658935.42,4930956000.0,4930956000.0
2012-12-10,'002242,九阳股份,6.53,6.59,6.46,6.55,6.46,0.07,1.0836,0.2232,1698356,11063204.35,4969003500.0,4969003500.0
2012-12-07,'002242,九阳股份,6.46,6.47,6.35,6.37,6.37,0.09,1.4129,0.163,1240363,7978486.98,4915737000.0,4915737000.0
2012-12-06,'002242,九阳股份,6.37,6.43,6.35,6.39,6.43,-0.06,-0.9331,0.0872,663587,4234797.15,4847251500.0,4847251500.0
2012-12-05,'002242,九阳股份,6.43,6.5,6.21,6.24,6.26,0.17,2.7157,0.1912,1454755,9308530.74,4892908500.0,4892908500.0
2012-12-04,'002242,九阳股份,6.26,6.27,6.11,6.2,6.2,0.06,0.9677,0.0904,687765,4249158.58,4763547000.0,4763547000.0
2012-12-03,'002242,九阳股份,6.2,6.28,6.2,6.21,6.24,-0.04,-0.641,0.1075,818002,5103684.12,4717890000.0,4717890000.0
2012-11-30,'002242,九阳股份,6.24,6.26,6.11,6.19,6.16,0.08,1.2987,0.0808,614614,3809046.84,4748328000.0,4748328000.0
2012-11-29,'002242,九阳股份,6.16,6.22,6.15,6.15,6.17,-0.01,-0.1621,0.0807,613855,3793960.85,4687452000.0,4687452000.0
2012-11-28,'002242,九阳股份,6.17,6.3,6.15,6.27,6.35,-0.18,-2.8346,0.1037,789107,4903977.88,4695061500.0,4695061500.0
2012-11-27,'002242,九阳股份,6.35,6.47,6.34,6.45,6.48,-0.13,-2.0062,0.0811,617071,3944062.51,4832032500.0,4832032500.0
2012-11-26,'002242,九阳股份,6.48,6.55,6.47,6.5,6.49,-0.01,-0.1541,0.0723,550320,3579957.35,4930956000.0,4930956000.0
2012-11-23,'002242,九阳股份,6.49,6.52,6.45,6.48,6.46,0.03,0.4644,0.0743,565681,3677032.78,4938565500.0,4938565500.0
2012-11-22,'002242,九阳股份,6.46,6.52,6.41,6.49,6.5,-0.04,-0.6154,0.1203,915186,5926597.98,4915737000.0,4915737000.0
2012-11-21,'002242,九阳股份,6.5,6.51,6.38,6.43,6.41,0.09,1.4041,0.0972,739816,4774910.09,4946175000.0,4946175000.0
2012-11-20,'002242,九阳股份,6.41,6.48,6.4,6.45,6.42,-0.01,-0.1558,0.0905,688321,4421618.9,4877689500.0,4877689500.0
2012-11-19,'002242,九阳股份,6.42,6.54,6.35,6.51,6.5,-0.08,-1.2308,0.2193,1668634,10679069.89,4885299000.0,4885299000.0
2012-11-16,'002242,九阳股份,6.5,6.61,6.49,6.56,6.58,-0.08,-1.2158,0.1106,841733,5497163.72,4946175000.0,4946175000.0
2012-11-15,'002242,九阳股份,6.58,6.73,6.56,6.7,6.72,-0.14,-2.0833,0.0888,675487,4490922.42,5007051000.0,5007051000.0
2012-11-14,'002242,九阳股份,6.72,6.73,6.61,6.62,6.66,0.06,0.9009,0.0737,561106,3748051.87,5113584000.0,5113584000.0
2012-11-13,'002242,九阳股份,6.66,6.73,6.63,6.73,6.74,-0.08,-1.1869,0.0932,709582,4735390.21,5067927000.0,5067927000.0
2012-11-12,'002242,九阳股份,6.74,6.75,6.68,6.68,6.69,0.05,0.7474,0.0772,587467,3945250.53,5128803000.0,5128803000.0
2012-11-09,'002242,九阳股份,6.69,6.75,6.65,6.66,6.68,0.01,0.1497,0.0547,416320,2787387.22,5090755500.0,5090755500.0
2012-11-08,'002242,九阳股份,6.68,6.81,6.67,6.8,6.85,-0.17,-2.4818,0.114,867686,5856265.3,5083146000.0,5083146000.0
2012-11-07,'002242,九阳股份,6.85,6.88,6.74,6.77,6.82,0.03,0.4399,0.1177,895804,6119235.95,5212507500.0,5212507500.0
2012-11-06,'002242,九阳股份,6.82,6.85,6.7,6.85,6.82,0.0,0.0,0.1068,812881,5509696.07,5189679000.0,5189679000.0
2012-11-05,'002242,九阳股份,6.82,6.86,6.8,6.82,6.83,-0.01,-0.1464,0.095,722577,4937846.86,5189679000.0,5189679000.0
2012-11-02,'002242,九阳股份,6.83,6.85,6.78,6.82,6.8,0.03,0.4412,0.1351,1027972,7006272.17,5197288500.0,5197288500.0
2012-11-01,'002242,九阳股份,6.8,6.81,6.66,6.68,6.68,0.12,1.7964,0.1575,1198362,8110167.11,5174460000.0,5174460000.0
2012-10-31,'002242,九阳股份,6.68,6.71,6.62,6.65,6.69,-0.01,-0.1495,0.0963,732690,4888649.4,5083146000.0,5083146000.0
2012-10-30,'002242,九阳股份,6.69,6.74,6.65,6.72,6.69,0.0,0.0,0.097,738327,4943781.41,5090755500.0,5090755500.0
2012-10-29,'002242,九阳股份,6.69,6.7,6.61,6.61,6.67,0.02,0.2999,0.0693,527447,3515311.03,5090755500.0,5090755500.0
2012-10-26,'002242,九阳股份,6.67,6.83,6.65,6.83,6.82,-0.15,-2.1994,0.1938,1474712,9906059.95,5075536500.0,5075536500.0
2012-10-25,'002242,九阳股份,6.82,6.9,6.81,6.84,6.85,-0.03,-0.438,0.181,1377358,9445169.49,5189679000.0,5189679000.0
2012-10-24,'002242,九阳股份,6.85,6.89,6.76,6.81,6.83,0.02,0.2928,0.1064,809359,5547469.36,5212507500.0,5212507500.0
2012-10-23,'002242,九阳股份,6.83,6.9,6.82,6.87,6.88,-0.05,-0.7267,0.1376,1046740,7177325.6,5197288500.0,5197288500.0
2012-10-22,'002242,九阳股份,6.88,6.9,6.8,6.9,6.9,-0.02,-0.2899,0.2214,1685015,11532642.3,5235336000.0,5235336000.0
2012-10-19,'002242,九阳股份,6.9,6.93,6.85,6.88,6.87,0.03,0.4367,0.2016,1534122,10581560.04,5250555000.0,5250555000.0
2012-10-18,'002242,九阳股份,6.87,6.9,6.76,6.78,6.77,0.1,1.4771,0.1848,1406210,9630809.96,5227726500.0,5227726500.0
2012-10-17,'002242,九阳股份,6.77,6.8,6.72,6.76,6.76,0.01,0.1479,0.1542,1173307,7943895.81,5151631500.0,5151631500.0
2012-10-16,'002242,九阳股份,6.76,6.81,6.68,6.71,6.73,0.03,0.4458,0.2256,1716556,11584036.83,5144022000.0,5144022000.0
2012-10-15,'002242,九阳股份,6.73,6.84,6.7,6.82,6.82,-0.09,-1.3196,0.128,974108,6566519.97,5121193500.0,5121193500.0
2012-10-12,'002242,九阳股份,6.82,6.93,6.77,6.83,6.85,-0.03,-0.438,0.1462,1112152,7609018.18,5189679000.0,5189679000.0
2012-10-11,'002242,九阳股份,6.85,6.94,6.82,6.91,6.94,-0.09,-1.2968,0.1482,1127555,7756903.65,5212507500.0,5212507500.0
2012-10-10,'002242,九阳股份,6.94,6.96,6.86,6.86,6.92,0.02,0.289,0.1988,1512664,10474851.32,5280993000.0,5280993000.0
2012-10-09,'002242,九阳股份,6.92,6.92,6.78,6.85,6.78,0.14,2.0649,0.2679,2038484,14001280.3,5265774000.0,5265774000.0
2012-10-08,'002242,九阳股份,6.78,6.87,6.74,6.87,6.83,-0.05,-0.7321,0.1456,1107736,7512102.01,5159241000.0,5159241000.0
2012-09-28,'002242,九阳股份,6.83,6.85,6.63,6.75,6.72,0.11,1.6369,0.25,1902422,12828945.74,5197288500.0,5197288500.0
2012-09-27,'002242,九阳股份,6.72,6.77,6.52,6.61,6.62,0.1,1.5106,0.2609,1985083,13174161.62,5113584000.0,5113584000.0
2012-09-26,'002242,九阳股份,6.62,6.78,6.62,6.75,6.75,-0.13,-1.9259,0.1763,1341709,8966365.43,5037489000.0,5037489000.0
2012-09-25,'002242,九阳股份,6.75,6.85,6.72,6.77,6.79,-0.04,-0.5891,0.1034,786954,5341447.53,5136412500.0,5136412500.0
2012-09-24,'002242,九阳股份,6.79,6.82,6.7,6.8,6.82,-0.03,-0.4399,0.1971,1500088,10114627.32,5166850500.0,5166850500.0
2012-09-21,'002242,九阳股份,6.82,6.91,6.79,6.88,6.85,-0.03,-0.438,0.0708,538677,3688675.14,5189679000.0,5189679000.0
2012-09-20,'002242,九阳股份,6.85,7.05,6.81,7.01,7.03,-0.18,-2.5605,0.1465,1115028,7683044.17,5212507500.0,5212507500.0
2012-09-19,'002242,九阳股份,7.03,7.11,6.96,6.99,7.0,0.03,0.4286,0.1047,796456,5612305.5,5349478500.0,5349478500.0
2012-09-18,'002242,九阳股份,7.0,7.06,6.92,7.01,7.03,-0.03,-0.4267,0.1002,762097,5339253.09,5326650000.0,5326650000.0
2012-09-17,'002242,九阳股份,7.03,7.26,7.01,7.24,7.24,-0.21,-2.9006,0.1783,1356455,9623088.3,5349478500.0,5349478500.0
2012-09-14,'002242,九阳股份,7.24,7.32,7.1,7.2,7.17,0.07,0.9763,0.2006,1526609,10999551.87,5509278000.0,5509278000.0
2012-09-13,'002242,九阳股份,7.17,7.35,7.15,7.22,7.2,-0.03,-0.4167,0.325,2473031,18001440.22,5456011500.0,5456011500.0
2012-09-12,'002242,九阳股份,7.2,7.28,7.15,7.17,7.2,0.0,0.0,0.1902,1447607,10441403.26,5478840000.0,5478840000.0
2012-09-11,'002242,九阳股份,7.2,7.2,7.08,7.15,7.16,0.04,0.5587,0.2419,1840431,13172247.99,5478840000.0,5478840000.0
2012-09-10,'002242,九阳股份,7.16,7.22,7.1,7.19,7.18,-0.02,-0.2786,0.2888,2197568,15763028.0,5448402000.0,5448402000.0
2012-09-07,'002242,九阳股份,7.18,7.23,6.94,6.94,6.92,0.26,3.7572,0.3806,2895942,20654679.79,5463621000.0,5463621000.0
2012-09-06,'002242,九阳股份,6.92,6.93,6.82,6.82,6.84,0.08,1.1696,0.1038,789939,5448775.48,5265774000.0,5265774000.0
2012-09-05,'002242,九阳股份,6.84,6.92,6.76,6.82,6.85,-0.01,-0.146,0.1062,808187,5525547.74,5204898000.0,5204898000.0
2012-09-04,'002242,九阳股份,6.85,6.94,6.8,6.86,6.86,-0.01,-0.1458,0.119,905497,6231848.35,5212507500.0,5212507500.0
2012-09-03,'002242,九阳股份,6.86,6.9,6.75,6.76,6.79,0.07,1.0309,0.1315,1000605,6856013.69,5220117000.0,5220117000.0
2012-08-31,'002242,九阳股份,6.79,6.82,6.73,6.73,6.75,0.04,0.5926,0.0553,420875,2856501.39,5166850500.0,5166850500.0
2012-08-30,'002242,九阳股份,6.75,6.89,6.72,6.83,6.83,-0.08,-1.1713,0.0829,630450,4271956.4,5136412500.0,5136412500.0
2012-08-29,'002242,九阳股份,6.83,6.94,6.76,6.79,6.81,0.02,0.2937,0.1071,815141,5581118.69,5197288500.0,5197288500.0
2012-08-28,'002242,九阳股份,6.81,6.87,6.73,6.75,6.75,0.06,0.8889,0.0932,708911,4817523.92,5182069500.0,5182069500.0
2012-08-27,'002242,九阳股份,6.75,7.03,6.75,7.03,7.03,-0.28,-3.9829,0.133,1012421,6948781.27,5136412500.0,5136412500.0
2012-08-24,'002242,九阳股份,7.03,7.14,7.03,7.05,7.08,-0.05,-0.7062,0.1316,1001424,7094251.02,5349478500.0,5349478500.0
2012-08-23,'002242,九阳股份,7.08,7.08,6.99,7.03,7.03,0.05,0.7112,0.0953,725239,5106802.59,5387526000.0,5387526000.0
2012-08-22,'002242,九阳股份,7.03,7.11,7.01,7.11,7.1,-0.07,-0.9859,0.0905,688335,4852506.93,5349478500.0,5349478500.0
2012-08-21,'002242,九阳股份,7.1,7.12,7.01,7.03,7.03,0.07,0.9957,0.1535,1168306,8276214.61,5402745000.0,5402745000.0
2012-08-20,'002242,九阳股份,7.03,7.08,6.96,7.04,7.05,-0.02,-0.2837,0.082,624054,4373488.18,5349478500.0,5349478500.0
2012-08-17,'002242,九阳股份,7.05,7.07,6.97,7.03,7.04,0.01,0.142,0.0738,561854,3944626.32,5364697500.0,5364697500.0
2012-08-16,'002242,九阳股份,7.04,7.09,7.03,7.09,7.09,-0.05,-0.7052,0.0625,475851,3355580.57,5357088000.0,5357088000.0
2012-08-15,'002242,九阳股份,7.09,7.15,7.05,7.15,7.13,-0.04,-0.561,0.107,814471,5765267.45,5395135500.0,5395135500.0
2012-08-14,'002242,九阳股份,7.13,7.14,6.98,7.01,7.03,0.1,1.4225,0.1676,1275580,9026145.53,5425573500.0,5425573500.0
2012-08-13,'002242,九阳股份,7.03,7.21,7.03,7.17,7.23,-0.2,-2.7663,0.1833,1394508,9900035.97,5349478500.0,5349478500.0
2012-08-10,'002242,九阳股份,7.23,7.34,7.19,7.28,7.31,-0.08,-1.0944,0.2448,1863038,13496407.43,5501668500.0,5501668500.0
2012-08-09,'002242,九阳股份,7.31,7.31,7.06,7.16,7.13,0.18,2.5245,0.5652,4300798,30979246.5,5562544500.0,5562544500.0
2012-08-08,'002242,九阳股份,7.13,7.24,7.06,7.12,7.19,-0.06,-0.8345,0.3415,2598856,18587446.57,5425573500.0,5425573500.0
2012-08-07,'002242,九阳股份,7.19,7.38,6.8,6.93,6.92,0.27,3.9017,0.5811,4421848,31637123.75,5471230500.0,5471230500.0
2012-08-06,'002242,九阳股份,6.92,6.93,6.75,6.79,6.79,0.13,1.9146,0.1629,1239381,8492565.61,5265774000.0,5265774000.0
2012-08-03,'002242,九阳股份,6.79,6.79,6.72,6.72,6.7,0.09,1.3433,0.1069,813673,5498397.4,5166850500.0,5166850500.0
2012-08-02,'002242,九阳股份,6.7,6.89,6.68,6.89,6.85,-0.15,-2.1898,0.1455,1107500,7494032.72,5098365000.0,5098365000.0
2012-08-01,'002242,九阳股份,6.85,6.9,6.77,6.81,6.79,0.06,0.8837,0.108,822094,5634079.09,5212507500.0,5212507500.0
2012-07-31,'002242,九阳股份,6.79,6.86,6.7,6.77,6.79,0.0,0.0,0.1738,1322669,8973353.88,5166850500.0,5166850500.0
2012-07-30,'002242,九阳股份,6.79,6.99,6.74,6.94,6.97,-0.18,-2.5825,0.1852,1409335,9633895.72,5166850500.0,5166850500.0
2012-07-27,'002242,九阳股份,6.97,6.97,6.9,6.94,6.9,0.07,1.0145,0.0723,550266,3814401.94,5303821500.0,5303821500.0
2012-07-26,'002242,九阳股份,6.9,6.99,6.9,6.97,6.92,-0.02,-0.289,0.1881,1431270,9950187.14,5250555000.0,5250555000.0
2012-07-25,'002242,九阳股份,6.92,7.03,6.9,7.03,7.02,-0.1,-1.4245,0.1875,1426550,9924521.09,5265774000.0,5265774000.0
2012-07-24,'002242,九阳股份,7.02,7.07,6.92,6.92,7.02,0.0,0.0,0.1614,1228305,8613049.55,5341869000.0,5341869000.0
2012-07-23,'002242,九阳股份,7.02,7.2,6.96,7.18,7.19,-0.17,-2.3644,0.1673,1272785,8981145.4,5341869000.0,5341869000.0
2012-07-20,'002242,九阳股份,7.19,7.28,7.11,7.17,7.17,0.02,0.2789,0.1775,1350313,9734634.45,5471230500.0,5471230500.0
2012-07-19,'002242,九阳股份,7.17,7.18,7.06,7.09,7.08,0.09,1.2712,0.1593,1212394,8660194.6,5456011500.0,5456011500.0
2012-07-18,'002242,九阳股份,7.08,7.13,6.93,6.98,6.97,0.11,1.5782,0.1672,1272597,8949174.98,5387526000.0,5387526000.0
2012-07-17,'002242,九阳股份,6.97,7.02,6.9,6.94,6.94,0.03,0.4323,0.0716,545165,3789525.74,5303821500.0,5303821500.0
2012-07-16,'002242,九阳股份,6.94,7.12,6.93,7.12,7.12,-0.18,-2.5281,0.1293,983784,6859287.29,5280993000.0,5280993000.0
2012-07-13,'002242,九阳股份,7.12,7.15,7.07,7.15,7.14,-0.02,-0.2801,0.0827,629451,4470565.37,5417964000.0,5417964000.0
2012-07-12,'002242,九阳股份,7.14,7.21,7.01,7.1,7.08,0.06,0.8475,0.1297,986773,7031975.77,5433183000.0,5433183000.0
2012-07-11,'002242,九阳股份,7.08,7.19,6.98,7.01,7.01,0.07,0.9986,0.103,783456,5554946.7,5387526000.0,5387526000.0
2012-07-10,'002242,九阳股份,7.01,7.06,6.94,7.03,7.04,-0.03,-0.4261,0.1229,935120,6531849.35,5334259500.0,5334259500.0
2012-07-09,'002242,九阳股份,7.04,7.27,7.03,7.23,7.29,-0.25,-3.4294,0.1819,1383947,9873415.64,5357088000.0,5357088000.0
2012-07-06,'002242,九阳股份,7.29,7.36,7.09,7.15,7.1,0.19,2.6761,0.1677,1276488,9210515.37,5547325500.0,5547325500.0
2012-07-05,'002242,九阳股份,7.1,7.3,7.1,7.3,7.31,-0.21,-2.8728,0.1887,1435541,10290254.61,5402745000.0,5402745000.0
2012-07-04,'002242,九阳股份,7.31,7.39,7.26,7.36,7.36,-0.05,-0.6793,0.1105,841204,6150469.4,5562544500.0,5562544500.0
2012-07-03,'002242,九阳股份,7.36,7.37,7.3,7.3,7.32,0.04,0.5464,0.1997,1519274,11155228.1,5600592000.0,5600592000.0
2012-07-02,'002242,九阳股份,7.32,7.4,7.29,7.36,7.36,-0.04,-0.5435,0.2005,1525461,11178049.03,5570154000.0,5570154000.0
2012-06-29,'002242,九阳股份,7.36,7.4,7.12,7.19,7.2,0.16,2.2222,0.2092,1591888,11625887.87,5600592000.0,5600592000.0
2012-06-28,'002242,九阳股份,7.2,7.35,7.19,7.3,7.29,-0.09,-1.2346,0.1315,1000780,7246689.03,5478840000.0,5478840000.0
2012-06-27,'002242,九阳股份,7.29,7.35,7.24,7.28,7.28,0.01,0.1374,0.1465,1114953,8120830.47,5547325500.0,5547325500.0
2012-06-26,'002242,九阳股份,7.28,7.36,7.21,7.36,7.33,-0.05,-0.6821,0.1464,1114259,8109406.95,5539716000.0,5539716000.0
2012-06-25,'002242,九阳股份,7.33,7.57,7.29,7.52,7.52,-0.19,-2.5266,0.1825,1388953,10282264.14,5577763500.0,5577763500.0
2012-06-21,'002242,九阳股份,7.52,7.7,7.45,7.66,7.66,-0.14,-1.8277,0.1659,1262171,9524002.34,5722344000.0,5722344000.0
2012-06-20,'002242,九阳股份,7.66,7.71,7.57,7.68,7.66,0.0,0.0,0.1614,1228255,9382734.87,5828877000.0,5828877000.0
2012-06-19,'002242,九阳股份,7.66,7.73,7.6,7.73,7.7,-0.04,-0.5195,0.1854,1411144,10813292.16,5828877000.0,5828877000.0
2012-06-18,'002242,九阳股份,7.7,7.75,7.62,7.65,7.66,0.04,0.5222,0.3291,2504295,19237142.23,5859315000.0,5859315000.0
2012-06-15,'002242,九阳股份,7.66,7.67,7.53,7.58,7.51,0.15,1.9973,0.3439,2617118,19887519.29,5828877000.0,5828877000.0
2012-06-14,'002242,九阳股份,7.51,7.6,7.51,7.56,7.57,-0.06,-0.7926,0.1393,1059857,8014346.25,5714734500.0,5714734500.0
2012-06-13,'002242,九阳股份,7.57,7.61,7.45,7.52,7.47,0.1,1.3387,0.1889,1437070,10830621.54,5760391500.0,5760391500.0
2012-06-12,'002242,九阳股份,7.47,7.54,7.45,7.54,7.57,-0.1,-1.321,0.155,1179392,8830637.34,5684296500.0,5684296500.0
2012-06-11,'002242,九阳股份,7.57,7.65,7.4,7.5,7.55,0.02,0.2649,0.2533,1927256,14487797.6,5760391500.0,5760391500.0
2012-06-08,'002242,九阳股份,7.55,7.68,7.54,7.68,7.65,-0.1,-1.3072,0.2083,1584760,12038826.91,5745172500.0,5745172500.0
2012-06-07,'002242,九阳股份,7.65,7.81,7.51,7.76,7.71,-0.06,-0.7782,0.2555,1943960,14915522.39,5821267500.0,5821267500.0
2012-06-06,'002242,九阳股份,7.71,7.88,7.67,7.77,7.81,-0.1,-1.2804,0.1717,1306240,10101559.94,5866924500.0,5866924500.0
2012-06-05,'002242,九阳股份,7.81,7.84,7.7,7.74,7.72,0.09,1.1658,0.2321,1765827,13735342.33,5943019500.0,5943019500.0
2012-06-04,'002242,九阳股份,7.72,7.94,7.7,7.94,8.0,-0.28,-3.5,0.2695,2050438,15990995.79,5874534000.0,5874534000.0
2012-06-01,'002242,九阳股份,8.0,8.03,7.94,7.97,7.97,0.03,0.3764,0.1677,1275833,10187919.25,6087600000.0,6087600000.0
2012-05-31,'002242,九阳股份,7.97,7.98,7.86,7.98,8.01,-0.04,-0.4994,0.2301,1750850,13902872.24,6064771500.0,6064771500.0
2012-05-30,'002242,九阳股份,8.01,8.03,7.97,8.02,8.02,-0.01,-0.1247,0.1963,1494069,11946990.34,6095209500.0,6095209500.0
2012-05-29,'002242,九阳股份,8.02,8.06,7.86,7.91,7.91,0.11,1.3906,0.289,2199233,17591290.32,6102819000.0,6102819000.0
2012-05-28,'002242,九阳股份,7.91,7.93,7.71,7.82,7.86,0.05,0.6361,0.2323,1767640,13816409.2,6019114500.0,6019114500.0
2012-05-25,'002242,九阳股份,7.86,7.96,7.76,7.92,7.91,-0.05,-0.6321,0.2662,2025346,15912458.77,5981067000.0,5981067000.0
2012-05-24,'002242,九阳股份,7.91,8.05,7.89,7.98,8.01,-0.1,-1.2484,0.235,1787985,14234374.69,6019114500.0,6019114500.0
2012-05-23,'002242,九阳股份,8.01,8.12,7.96,8.11,8.11,-0.1,-1.233,0.218,1658808,13291782.52,6095209500.0,6095209500.0
2012-05-22,'002242,九阳股份,8.11,8.12,8.02,8.03,8.0,0.11,1.375,0.2132,1622375,13107176.19,6171304500.0,6171304500.0
2012-05-21,'002242,九阳股份,8.0,8.1,7.96,8.1,8.06,-0.06,-0.7444,0.1446,1100194,8815582.7,6087600000.0,6087600000.0
2012-05-18,'002242,九阳股份,8.06,8.1,7.95,8.0,8.08,-0.02,-0.2475,0.2631,2002416,16054890.62,6133257000.0,6133257000.0
2012-05-17,'002242,九阳股份,8.08,8.1,7.98,8.02,7.97,0.11,1.3802,0.2286,1739408,14034030.38,6148476000.0,6148476000.0
2012-05-16,'002242,九阳股份,7.97,8.2,7.92,8.18,8.17,-0.2,-2.448,0.3695,2811655,22735530.63,6064771500.0,6064771500.0
2012-05-15,'002242,九阳股份,8.17,8.17,7.9,7.97,8.0,0.17,2.125,0.4328,3293728,26407912.17,6216961500.0,6216961500.0
2012-05-14,'002242,九阳股份,8.0,8.19,7.99,8.17,8.09,-0.09,-1.1125,0.2682,2041024,16533740.65,6087600000.0,6087600000.0
2012-05-11,'002242,九阳股份,8.09,8.17,8.04,8.1,8.12,-0.03,-0.3695,0.1948,1482395,12035569.21,6156085500.0,6156085500.0
2012-05-10,'002242,九阳股份,8.12,8.25,8.1,8.16,8.09,0.03,0.3708,0.3105,2362894,19323098.79,6178914000.0,6178914000.0
2012-05-09,'002242,九阳股份,8.22,8.38,8.22,8.34,8.39,-0.17,-2.0262,0.5037,3832723,31831352.28,6255009000.0,6255009000.0
2012-05-08,'002242,九阳股份,8.39,8.47,8.33,8.46,8.45,-0.06,-0.7101,0.2978,2265851,19000711.91,6384370500.0,6384370500.0
2012-05-07,'002242,九阳股份,8.45,8.45,8.32,8.39,8.43,0.02,0.2372,0.3083,2345932,19628837.59,6430027500.0,6430027500.0
2012-05-04,'002242,九阳股份,8.43,8.46,8.29,8.32,8.32,0.11,1.3221,0.2907,2212416,18577562.15,6414808500.0,6414808500.0
2012-05-03,'002242,九阳股份,8.32,8.34,8.26,8.28,8.25,0.07,0.8485,0.3662,2786436,23130036.04,6331104000.0,6331104000.0
2012-05-02,'002242,九阳股份,8.25,8.35,8.2,8.29,8.19,0.06,0.7326,0.4065,3093083,25561322.09,6277837500.0,6277837500.0
2012-04-27,'002242,九阳股份,0.0,0.0,0.0,0.0,8.19,None,None,0.0,0,0.0,6232180500.0,6232180500.0
2012-04-26,'002242,九阳股份,8.19,8.25,8.1,8.1,8.11,0.08,0.9864,0.4842,3684298,30095425.74,6232180500.0,6232180500.0
2012-04-25,'002242,九阳股份,8.11,8.12,7.92,7.98,7.99,0.12,1.5019,0.328,2495983,19983322.83,6171304500.0,6171304500.0
2012-04-24,'002242,九阳股份,7.99,8.13,7.74,8.05,8.09,-0.1,-1.2361,0.469,3568948,28325426.11,6079990500.0,6079990500.0
2012-04-23,'002242,九阳股份,8.09,8.2,8.07,8.13,8.12,-0.03,-0.3695,0.4151,3158583,25706859.66,6156085500.0,6156085500.0
2012-04-20,'002242,九阳股份,8.12,8.16,8.05,8.08,8.12,0.0,0.0,0.3425,2606028,21151151.28,6178914000.0,6178914000.0
2012-04-19,'002242,九阳股份,8.12,8.2,8.07,8.13,8.14,-0.02,-0.2457,0.2714,2065319,16777543.99,6178914000.0,6178914000.0
2012-04-18,'002242,九阳股份,8.14,8.14,7.97,8.03,8.0,0.14,1.75,0.4006,3048668,24605554.05,6194133000.0,6194133000.0
2012-04-17,'002242,九阳股份,8.0,8.07,7.95,8.05,8.05,-0.05,-0.6211,0.2315,1761497,14089148.45,6087600000.0,6087600000.0
2012-04-16,'002242,九阳股份,8.05,8.08,7.96,8.0,8.03,0.02,0.2491,0.2536,1929663,15500438.97,6125647500.0,6125647500.0
2012-04-13,'002242,九阳股份,8.03,8.1,7.97,8.04,8.02,0.01,0.1247,0.3449,2624198,21071970.72,6110428500.0,6110428500.0
2012-04-12,'002242,九阳股份,8.02,8.05,7.87,7.89,7.89,0.13,1.6477,0.3137,2387230,19029715.85,6102819000.0,6102819000.0
2012-04-11,'002242,九阳股份,7.89,7.94,7.72,7.75,7.85,0.04,0.5096,0.1979,1506049,11835349.5,6003895500.0,6003895500.0
2012-04-10,'002242,九阳股份,7.85,7.85,7.66,7.7,7.75,0.1,1.2903,0.1863,1417738,10991426.8,5973457500.0,5973457500.0
2012-04-09,'002242,九阳股份,7.75,7.93,7.73,7.93,7.91,-0.16,-2.0228,0.1831,1393379,10943136.8,5897362500.0,5897362500.0
2012-04-06,'002242,九阳股份,7.91,8.02,7.88,7.98,7.97,-0.06,-0.7528,0.2527,1923131,15277805.56,6019114500.0,6019114500.0
2012-04-05,'002242,九阳股份,7.97,8.03,7.66,7.71,7.75,0.22,2.8387,0.2452,1865865,14711638.64,6064771500.0,6064771500.0
2012-03-30,'002242,九阳股份,7.75,7.79,7.66,7.79,7.72,0.03,0.3886,0.1787,1360181,10497752.48,5897362500.0,5897362500.0
2012-03-29,'002242,九阳股份,7.72,8.04,7.63,8.0,8.0,-0.28,-3.5,0.3347,2546959,19898938.37,5874534000.0,5874534000.0
2012-03-28,'002242,九阳股份,8.0,8.35,7.98,8.35,8.35,-0.35,-4.1916,0.3871,2945683,23796368.82,6087600000.0,6087600000.0
2012-03-27,'002242,九阳股份,8.35,8.45,8.32,8.37,8.37,-0.02,-0.2389,0.1758,1337494,11213751.95,6353932500.0,6353932500.0
2012-03-26,'002242,九阳股份,8.37,8.42,8.31,8.39,8.37,0.0,0.0,0.1962,1492645,12478269.29,6369151500.0,6369151500.0
2012-03-23,'002242,九阳股份,8.37,8.53,8.35,8.52,8.54,-0.17,-1.9906,0.2693,2048930,17301006.95,6369151500.0,6369151500.0
2012-03-22,'002242,九阳股份,8.54,8.58,8.4,8.51,8.53,0.01,0.1172,0.2298,1748713,14894699.59,6498513000.0,6498513000.0
2012-03-21,'002242,九阳股份,8.53,8.58,8.42,8.52,8.52,0.01,0.1174,0.2929,2228818,18932615.51,6490903500.0,6490903500.0
2012-03-20,'002242,九阳股份,8.52,8.67,8.44,8.58,8.63,-0.11,-1.2746,0.357,2716417,23165236.35,6483294000.0,6483294000.0
2012-03-19,'002242,九阳股份,8.63,8.66,8.48,8.55,8.56,0.07,0.8178,0.4421,3364357,28900274.15,6566998500.0,6566998500.0
2012-03-16,'002242,九阳股份,8.56,8.56,8.39,8.42,8.42,0.14,1.6627,0.5168,3932933,33410256.63,6513732000.0,6513732000.0
2012-03-15,'002242,九阳股份,8.42,8.65,8.28,8.61,8.57,-0.15,-1.7503,0.6276,4775765,40361762.26,6407199000.0,6407199000.0
2012-03-14,'002242,九阳股份,8.57,9.26,8.5,9.24,9.2,-0.63,-6.8478,1.2584,9575948,85155411.01,6521341500.0,6521341500.0
2012-03-13,'002242,九阳股份,9.2,9.26,9.0,9.05,9.03,0.17,1.8826,0.7531,5731077,52377558.92,7000740000.0,7000740000.0
2012-03-12,'002242,九阳股份,9.03,9.08,8.91,9.03,9.05,-0.02,-0.221,0.5219,3971087,35738379.34,6871378500.0,6871378500.0
2012-03-09,'002242,九阳股份,9.05,9.06,8.86,8.86,8.84,0.21,2.3756,0.6867,5225752,46925699.75,6886597500.0,6886597500.0
2012-03-08,'002242,九阳股份,8.84,8.88,8.74,8.78,8.74,0.1,1.1442,0.47,3576783,31553403.49,6726798000.0,6726798000.0
2012-03-07,'002242,九阳股份,8.74,8.91,8.66,8.71,8.81,-0.07,-0.7946,0.6813,5184184,45612384.67,6650703000.0,6650703000.0
2012-03-06,'002242,九阳股份,8.81,8.97,8.7,8.9,8.99,-0.18,-2.0022,0.7631,5806449,51140220.14,6703969500.0,6703969500.0
2012-03-05,'002242,九阳股份,8.99,9.3,8.99,9.06,9.05,-0.06,-0.663,0.9393,7147259,65217340.45,6840940500.0,6840940500.0
2012-03-02,'002242,九阳股份,9.05,9.09,8.92,8.95,8.92,0.13,1.4574,0.6713,5108070,46054911.14,6886597500.0,6886597500.0
2012-03-01,'002242,九阳股份,8.92,9.0,8.71,8.84,8.79,0.13,1.479,0.6187,4707860,41601232.46,6787674000.0,6787674000.0
2012-02-29,'002242,九阳股份,8.79,9.0,8.76,8.9,9.06,-0.27,-2.9801,0.733,5577628,49405662.26,6688750500.0,6688750500.0
2012-02-28,'002242,九阳股份,9.06,9.18,8.94,9.1,9.06,0.0,0.0,0.8672,6598851,59722785.73,6894207000.0,6894207000.0
2012-02-27,'002242,九阳股份,9.06,9.45,8.71,8.71,8.71,0.35,4.0184,1.9726,15010675,136737883.38,6894207000.0,6894207000.0
2012-02-24,'002242,九阳股份,8.71,8.78,8.58,8.6,8.63,0.08,0.927,0.7433,5656335,48962656.58,6627874500.0,6627874500.0
2012-02-23,'002242,九阳股份,8.63,8.68,8.5,8.56,8.55,0.08,0.9357,0.8959,6817638,58467760.97,6566998500.0,6566998500.0
2012-02-22,'002242,九阳股份,8.55,8.58,8.33,8.35,8.36,0.19,2.2727,1.1096,8443444,71682982.03,6506122500.0,6506122500.0
2012-02-21,'002242,九阳股份,8.36,8.37,8.21,8.33,8.33,0.03,0.3601,0.4351,3310578,27451544.8,6361542000.0,6361542000.0
2012-02-20,'002242,九阳股份,8.33,8.43,8.31,8.38,8.31,0.02,0.2407,0.6095,4638179,38834478.22,6338713500.0,6338713500.0
2012-02-17,'002242,九阳股份,8.31,8.47,8.26,8.42,8.44,-0.13,-1.5403,0.7635,5809638,48483759.99,6323494500.0,6323494500.0
2012-02-16,'002242,九阳股份,8.44,8.63,8.3,8.6,8.66,-0.22,-2.5404,2.1125,16075158,135360556.74,6422418000.0,6422418000.0
2012-02-15,'002242,九阳股份,8.66,8.68,8.31,8.4,8.36,0.3,3.5885,0.4369,3324732,28126929.64,6589827000.0,6589827000.0
2012-02-14,'002242,九阳股份,8.36,8.45,8.3,8.4,8.42,-0.06,-0.7126,0.2586,1967501,16470815.26,6361542000.0,6361542000.0
2012-02-13,'002242,九阳股份,8.42,8.46,8.23,8.31,8.37,0.05,0.5974,0.3755,2857240,23972561.83,6407199000.0,6407199000.0
2012-02-10,'002242,九阳股份,8.37,8.39,8.26,8.31,8.31,0.06,0.722,0.3848,2928049,24407460.46,6369151500.0,6369151500.0
2012-02-09,'002242,九阳股份,8.31,8.37,8.17,8.2,8.21,0.1,1.218,0.4522,3441136,28544165.1,6323494500.0,6323494500.0
2012-02-08,'002242,九阳股份,8.21,8.23,7.99,8.06,8.05,0.16,1.9876,0.2557,1946042,15818285.69,6247399500.0,6247399500.0
2012-02-07,'002242,九阳股份,8.05,8.26,8.0,8.26,8.25,-0.2,-2.4242,0.285,2168692,17552805.69,6125647500.0,6125647500.0
2012-02-06,'002242,九阳股份,8.25,8.36,8.21,8.3,8.28,-0.03,-0.3623,0.2365,1799918,14872686.32,6277837500.0,6277837500.0
2012-02-03,'002242,九阳股份,8.28,8.3,8.14,8.19,8.19,0.09,1.0989,0.3032,2307349,18988250.33,6300666000.0,6300666000.0
2012-02-02,'002242,九阳股份,8.19,8.19,8.07,8.1,8.1,0.09,1.1111,0.1882,1431960,11648004.27,6232180500.0,6232180500.0
2012-02-01,'002242,九阳股份,8.1,8.15,8.0,8.07,8.06,0.04,0.4963,0.236,1795476,14497183.27,6163695000.0,6163695000.0
2012-01-31,'002242,九阳股份,8.06,8.14,7.98,8.05,8.06,0.0,0.0,0.1461,1111777,8945685.17,6133257000.0,6133257000.0
2012-01-30,'002242,九阳股份,8.06,8.25,8.04,8.23,8.14,-0.08,-0.9828,0.2209,1680791,13688927.21,6133257000.0,6133257000.0
2012-01-20,'002242,九阳股份,8.14,8.2,8.01,8.08,8.03,0.11,1.3699,0.2542,1934414,15683797.58,6194133000.0,6194133000.0
2012-01-19,'002242,九阳股份,8.03,8.1,7.8,7.81,7.85,0.18,2.293,0.2397,1824277,14574018.83,6110428500.0,6110428500.0
2012-01-18,'002242,九阳股份,7.85,8.15,7.8,8.1,8.08,-0.23,-2.8465,0.2917,2219558,17751285.17,5973457500.0,5973457500.0
2012-01-17,'002242,九阳股份,8.08,8.14,7.57,7.6,7.67,0.41,5.3455,0.3039,2312709,18278186.12,6148476000.0,6148476000.0
2012-01-16,'002242,九阳股份,7.67,7.86,7.66,7.86,7.89,-0.22,-2.7883,0.2116,1610355,12497280.23,5836486500.0,5836486500.0
2012-01-13,'002242,九阳股份,7.89,8.24,7.82,8.2,8.21,-0.32,-3.8977,0.4495,3420660,27438213.62,6003895500.0,6003895500.0
2012-01-12,'002242,九阳股份,8.21,8.35,8.18,8.3,8.29,-0.08,-0.965,0.2885,2195344,18099741.43,6247399500.0,6247399500.0
2012-01-11,'002242,九阳股份,8.29,8.39,8.2,8.3,8.32,-0.03,-0.3606,0.4143,3152273,26144699.51,6308275500.0,6308275500.0
2012-01-10,'002242,九阳股份,8.32,8.36,7.89,7.99,7.97,0.35,4.3915,0.699,5319200,43827128.68,6331104000.0,6331104000.0
2012-01-09,'002242,九阳股份,7.97,8.0,7.58,7.64,7.62,0.35,4.5932,0.4535,3450813,27108653.05,6064771500.0,6064771500.0
2012-01-06,'002242,九阳股份,7.62,7.62,7.36,7.49,7.47,0.15,2.008,0.1806,1374643,10312193.73,5798439000.0,5798439000.0
2012-01-05,'002242,九阳股份,7.47,7.67,7.46,7.51,7.6,-0.13,-1.7105,0.2344,1783905,13423936.87,5684296500.0,5684296500.0
2012-01-04,'002242,九阳股份,7.6,7.93,7.58,7.93,7.79,-0.19,-2.439,0.2726,2074175,16123445.45,5783220000.0,5783220000.0
2011-12-30,'002242,九阳股份,7.79,7.81,7.66,7.7,7.69,0.1,1.3004,0.3057,2326130,18003840.51,5927800500.0,5927800500.0
2011-12-29,'002242,九阳股份,7.69,7.76,7.54,7.54,7.66,0.03,0.3916,0.3012,2292025,17618455.27,5851705500.0,5851705500.0
2011-12-28,'002242,九阳股份,7.66,7.75,7.2,7.41,7.61,0.05,0.657,0.4051,3082836,22987046.74,5828877000.0,5828877000.0
2011-12-27,'002242,九阳股份,7.61,8.17,7.51,7.61,7.49,0.12,1.6021,0.5734,4363106,33761284.23,5790829500.0,5790829500.0
2011-12-26,'002242,九阳股份,7.49,7.56,7.45,7.55,7.48,0.01,0.1337,0.1302,990610,7438126.8,5699515500.0,5699515500.0
2011-12-23,'002242,九阳股份,7.48,7.57,7.4,7.4,7.41,0.07,0.9447,0.1739,1322983,9912292.11,5691906000.0,5691906000.0
2011-12-22,'002242,九阳股份,7.41,7.64,7.28,7.63,7.63,-0.22,-2.8834,0.2495,1898607,14066308.99,5638639500.0,5638639500.0
2011-12-21,'002242,九阳股份,7.63,7.93,7.61,7.87,7.8,-0.17,-2.1795,0.1827,1390448,10858523.76,5806048500.0,5806048500.0
2011-12-20,'002242,九阳股份,7.8,7.97,7.8,7.85,7.86,-0.06,-0.7634,0.1877,1428459,11254304.0,5935410000.0,5935410000.0
2011-12-19,'002242,九阳股份,7.86,7.91,7.65,7.9,7.88,-0.02,-0.2538,0.2084,1586041,12350346.47,5981067000.0,5981067000.0
2011-12-16,'002242,九阳股份,7.88,7.91,7.6,7.66,7.6,0.28,3.6842,0.1815,1381429,10696695.06,5996286000.0,5996286000.0
2011-12-15,'002242,九阳股份,7.6,7.8,7.59,7.8,7.78,-0.18,-2.3136,0.173,1316777,10113152.91,5783220000.0,5783220000.0
2011-12-14,'002242,九阳股份,7.78,7.98,7.76,7.89,7.9,-0.12,-1.519,0.1575,1198704,9443300.29,5920191000.0,5920191000.0
2011-12-13,'002242,九阳股份,7.9,8.13,7.89,8.05,8.13,-0.23,-2.829,0.2335,1777005,14175485.48,6011505000.0,6011505000.0
2011-12-12,'002242,九阳股份,8.13,8.22,8.13,8.19,8.19,-0.06,-0.7326,0.1576,1199499,9805243.83,6186523500.0,6186523500.0
2011-12-09,'002242,九阳股份,8.19,8.26,8.16,8.16,8.22,-0.03,-0.365,0.1782,1355892,11120843.41,6232180500.0,6232180500.0
2011-12-08,'002242,九阳股份,8.22,8.29,8.13,8.18,8.2,0.02,0.2439,0.222,1689124,13858800.39,6255009000.0,6255009000.0
2011-12-07,'002242,九阳股份,8.2,8.35,8.18,8.3,8.3,-0.1,-1.2048,0.2985,2271518,18718716.6,6239790000.0,6239790000.0
2011-12-06,'002242,九阳股份,8.3,8.35,8.17,8.25,8.25,0.05,0.6061,0.1945,1480179,12224346.64,6315885000.0,6315885000.0
2011-12-05,'002242,九阳股份,8.25,8.45,8.23,8.43,8.4,-0.15,-1.7857,0.2592,1972296,16405395.47,6277837500.0,6277837500.0
2011-12-02,'002242,九阳股份,8.4,8.71,8.36,8.71,8.71,-0.31,-3.5591,0.4386,3337417,28191727.36,6391980000.0,6391980000.0
2011-12-01,'002242,九阳股份,8.71,8.95,8.68,8.88,8.61,0.1,1.1614,0.3949,3005198,26436462.17,6627874500.0,6627874500.0
2011-11-30,'002242,九阳股份,8.61,9.07,8.57,9.07,9.03,-0.42,-4.6512,0.5248,3993671,35068471.46,6551779500.0,6551779500.0
2011-11-29,'002242,九阳股份,9.03,9.1,8.97,9.1,9.0,0.03,0.3333,0.4775,3633859,32792979.27,6871378500.0,6871378500.0
2011-11-28,'002242,九阳股份,9.0,9.18,8.99,9.11,9.15,-0.15,-1.6393,0.3378,2570285,23244424.64,6848550000.0,6848550000.0
2011-11-25,'002242,九阳股份,9.15,9.26,8.91,9.08,9.03,0.12,1.3289,0.2521,1918335,17326278.51,6962692500.0,6962692500.0
2011-11-24,'002242,九阳股份,9.03,9.14,8.89,8.92,9.03,0.0,0.0,0.2502,1903735,17122220.5,6871378500.0,6871378500.0
2011-11-23,'002242,九阳股份,9.03,9.16,9.0,9.1,9.1,-0.07,-0.7692,0.376,2861204,25909392.82,6871378500.0,6871378500.0
2011-11-22,'002242,九阳股份,9.1,9.2,9.03,9.1,9.22,-0.12,-1.3015,0.3527,2683666,24403621.41,6924645000.0,6924645000.0
2011-11-21,'002242,九阳股份,9.22,9.22,8.9,9.14,9.15,0.07,0.765,0.3374,2567573,23338860.31,7015959000.0,7015959000.0
2011-11-18,'002242,九阳股份,9.15,9.4,9.08,9.4,9.46,-0.31,-3.277,0.5588,4252504,39180616.57,6962692500.0,6962692500.0
2011-11-17,'002242,九阳股份,9.46,9.89,9.07,9.1,9.03,0.43,4.7619,1.2287,9349880,89005949.61,7198587000.0,7198587000.0
2011-11-16,'002242,九阳股份,9.03,9.29,9.0,9.22,9.21,-0.18,-1.9544,0.5056,3847525,35104321.66,6871378500.0,6871378500.0
2011-11-15,'002242,九阳股份,9.21,9.23,9.12,9.17,9.18,0.03,0.3268,0.3193,2429487,22293240.57,7008349500.0,7008349500.0
2011-11-14,'002242,九阳股份,9.18,9.19,8.94,8.94,8.89,0.29,3.2621,0.4433,3373224,30684857.46,6985521000.0,6985521000.0
2011-11-11,'002242,九阳股份,8.89,9.02,8.83,8.98,8.94,-0.05,-0.5593,0.263,2001614,17909326.42,6764845500.0,6764845500.0
2011-11-10,'002242,九阳股份,8.94,9.05,8.93,9.0,9.04,-0.1,-1.1062,0.2809,2137782,19206624.6,6802893000.0,6802893000.0
2011-11-09,'002242,九阳股份,9.04,9.06,8.85,8.99,8.96,0.08,0.8929,0.3903,2969983,26649236.49,6878988000.0,6878988000.0
2011-11-08,'002242,九阳股份,8.96,9.14,8.95,9.12,9.13,-0.17,-1.862,0.2764,2103249,19024324.57,6818112000.0,6818112000.0
2011-11-07,'002242,九阳股份,9.13,9.24,9.11,9.18,9.18,-0.05,-0.5447,0.2739,2084582,19104498.13,6947473500.0,6947473500.0
2011-11-04,'002242,九阳股份,9.18,9.26,9.07,9.22,9.16,0.02,0.2183,0.3706,2820244,25805234.16,6985521000.0,6985521000.0
2011-11-03,'002242,九阳股份,9.16,9.31,9.1,9.1,9.14,0.02,0.2188,0.5804,4416602,40669211.52,6970302000.0,6970302000.0
2011-11-02,'002242,九阳股份,9.14,9.15,8.69,8.8,8.92,0.22,2.4664,0.5117,3893698,34583477.76,6955083000.0,6955083000.0
2011-11-01,'002242,九阳股份,8.92,8.98,8.84,8.88,8.93,-0.01,-0.112,0.3839,2921008,26053809.95,6787674000.0,6787674000.0
2011-10-31,'002242,九阳股份,8.93,8.95,8.84,8.91,8.93,0.0,0.0,0.3629,2761542,24549808.75,6795283500.0,6795283500.0
2011-10-28,'002242,九阳股份,8.93,8.96,8.83,8.85,8.76,0.17,1.9406,0.4544,3457621,30713561.21,6795283500.0,6795283500.0
2011-10-27,'002242,九阳股份,8.76,8.84,8.73,8.77,8.74,0.02,0.2288,0.3156,2401409,21090167.11,6665922000.0,6665922000.0
2011-10-26,'002242,九阳股份,8.74,8.84,8.66,8.74,8.76,-0.02,-0.2283,0.4372,3327094,29173583.18,6650703000.0,6650703000.0
2011-10-25,'002242,九阳股份,8.76,8.8,8.52,8.6,8.58,0.18,2.0979,0.4085,3108714,26979994.63,6665922000.0,6665922000.0
2011-10-24,'002242,九阳股份,8.58,8.59,8.36,8.56,8.5,0.08,0.9412,0.2974,2263409,19267103.35,6528951000.0,6528951000.0
2011-10-21,'002242,九阳股份,8.5,8.66,8.44,8.49,8.5,0.0,0.0,0.1943,1478825,12587327.29,6468075000.0,6468075000.0
2011-10-20,'002242,九阳股份,8.5,8.77,8.46,8.77,8.77,-0.27,-3.0787,0.2739,2084461,17840147.67,6468075000.0,6468075000.0
2011-10-19,'002242,九阳股份,8.77,8.87,8.75,8.83,8.81,-0.04,-0.454,0.2055,1563656,13756004.55,6673531500.0,6673531500.0
2011-10-18,'002242,九阳股份,8.81,9.09,8.81,9.09,9.1,-0.29,-3.1868,0.416,3165270,28144977.33,6703969500.0,6703969500.0
2011-10-17,'002242,九阳股份,9.1,9.23,9.05,9.18,9.2,-0.1,-1.087,0.341,2594800,23662235.83,6924645000.0,6924645000.0
2011-10-14,'002242,九阳股份,9.2,9.23,9.08,9.22,9.2,0.0,0.0,0.2476,1884066,17229558.72,7000740000.0,7000740000.0
2011-10-13,'002242,九阳股份,9.2,9.33,9.08,9.15,9.16,0.04,0.4367,0.4666,3550677,32726145.09,7000740000.0,7000740000.0
2011-10-12,'002242,九阳股份,9.16,9.17,8.76,8.87,8.91,0.25,2.8058,0.4439,3378186,30537985.6,6970302000.0,6970302000.0
2011-10-11,'002242,九阳股份,8.91,9.27,8.76,9.16,9.02,-0.11,-1.2195,0.3267,2486359,22503678.24,6780064500.0,6780064500.0
2011-10-10,'002242,九阳股份,9.02,9.18,8.99,9.12,9.09,-0.07,-0.7701,0.2967,2257735,20450304.37,6863769000.0,6863769000.0
2011-09-30,'002242,九阳股份,9.09,9.37,9.05,9.16,9.22,-0.13,-1.41,0.3464,2635729,24179688.17,6917035500.0,6917035500.0
2011-09-29,'002242,九阳股份,9.22,9.77,9.2,9.77,10.15,-0.93,-9.1626,0.8069,6140201,57661422.65,7015959000.0,7015959000.0
2011-09-28,'002242,九阳股份,10.85,11.0,10.68,11.0,10.94,-0.09,-0.8227,0.8073,6143327,66430375.25,8256307500.0,8256307500.0
2011-09-27,'002242,九阳股份,10.94,11.12,10.84,10.96,10.9,0.04,0.367,0.6111,4650491,50893017.16,8324793000.0,8324793000.0
2011-09-26,'002242,九阳股份,10.9,11.18,10.8,10.96,10.88,0.02,0.1838,0.7489,5698454,62474234.9,8294355000.0,8294355000.0
2011-09-23,'002242,九阳股份,10.88,10.89,10.35,10.5,10.73,0.15,1.3979,0.6736,5125573,54845308.83,8279136000.0,8279136000.0
2011-09-22,'002242,九阳股份,10.73,11.06,10.58,10.65,10.51,0.22,2.0932,1.3066,9942568,108102828.98,8164993500.0,8164993500.0
2011-09-21,'002242,九阳股份,10.51,10.63,10.2,10.2,10.2,0.31,3.0392,0.6529,4968274,52157346.94,7997584500.0,7997584500.0
2011-09-20,'002242,九阳股份,0.0,0.0,0.0,0.0,10.2,None,None,0.0,0,0.0,7761690000.0,7761690000.0
2011-09-19,'002242,九阳股份,10.2,10.33,10.1,10.29,10.33,-0.13,-1.2585,0.2434,1852100,18888625.56,7761690000.0,7761690000.0
2011-09-16,'002242,九阳股份,10.33,10.56,10.33,10.48,10.44,-0.11,-1.0536,0.28,2130584,22238002.67,7860613500.0,7860613500.0
2011-09-15,'002242,九阳股份,10.44,10.55,10.38,10.47,10.42,0.02,0.1919,0.313,2382011,24941126.79,7944318000.0,7944318000.0
2011-09-14,'002242,九阳股份,10.42,10.43,10.18,10.3,10.28,0.14,1.3619,0.3607,2745042,28325906.01,7929099000.0,7929099000.0
2011-09-13,'002242,九阳股份,10.28,10.53,10.09,10.52,10.72,-0.44,-4.1045,0.6073,4621537,47395720.55,7822566000.0,7822566000.0
2011-09-09,'002242,九阳股份,10.72,11.59,10.7,11.31,11.38,-0.66,-5.7996,1.1939,9085337,99346342.94,8157384000.0,8157384000.0
2011-09-08,'002242,九阳股份,11.38,12.25,11.36,11.69,11.87,-0.49,-4.1281,2.0996,15977195,187495343.04,8659611000.0,8659611000.0
2011-09-07,'002242,九阳股份,11.87,11.92,11.24,11.36,11.37,0.5,4.3975,2.1401,16285239,187224777.24,9032476500.0,9032476500.0
2011-09-06,'002242,九阳股份,11.37,11.64,11.23,11.45,11.41,-0.04,-0.3506,1.5553,11835297,134920512.66,8652001500.0,8652001500.0
2011-09-05,'002242,九阳股份,11.41,11.67,11.07,11.3,11.42,-0.01,-0.0876,1.3969,10629900,120279646.86,8682439500.0,8682439500.0
2011-09-02,'002242,九阳股份,11.42,11.6,11.11,11.29,11.29,0.13,1.1515,1.2653,9628642,109353488.63,8690049000.0,8690049000.0
2011-09-01,'002242,九阳股份,11.29,11.45,11.1,11.21,11.16,0.13,1.1649,0.6634,5047831,57141738.78,8591125500.0,8591125500.0
2011-08-31,'002242,九阳股份,11.16,11.19,10.81,10.88,10.83,0.33,3.0471,0.5301,4033672,44625931.74,8492202000.0,8492202000.0
2011-08-30,'002242,九阳股份,10.83,11.1,10.82,11.01,10.9,-0.07,-0.6422,0.3699,2814678,30883377.29,8241088500.0,8241088500.0
2011-08-29,'002242,九阳股份,10.9,11.38,10.88,11.06,10.81,0.09,0.8326,0.9766,7431061,82442239.76,8294355000.0,8294355000.0
2011-08-26,'002242,九阳股份,10.81,10.84,10.5,10.5,10.59,0.22,2.0774,0.3758,2859867,30492052.39,8225869500.0,8225869500.0
2011-08-25,'002242,九阳股份,10.59,10.63,10.35,10.38,10.36,0.23,2.2201,0.2689,2046093,21552336.71,8058460500.0,8058460500.0
2011-08-24,'002242,九阳股份,10.36,10.53,10.36,10.47,10.38,-0.02,-0.1927,0.1721,1309297,13667082.48,7883442000.0,7883442000.0
2011-08-23,'002242,九阳股份,10.38,10.38,10.18,10.22,10.2,0.18,1.7647,0.1529,1163508,11982329.39,7898661000.0,7898661000.0
2011-08-22,'002242,九阳股份,10.2,10.26,10.13,10.18,10.19,0.01,0.0981,0.161,1225071,12495722.04,7761690000.0,7761690000.0
2011-08-19,'002242,九阳股份,10.19,10.19,9.95,10.04,10.26,-0.07,-0.6823,0.1938,1475017,14864511.34,7754080500.0,7754080500.0
2011-08-18,'002242,九阳股份,10.26,10.54,10.26,10.47,10.52,-0.26,-2.4715,0.1744,1326821,13792337.54,7807347000.0,7807347000.0
2011-08-17,'002242,九阳股份,10.52,10.67,10.4,10.59,10.6,-0.08,-0.7547,0.1923,1463601,15386237.27,8005194000.0,8005194000.0
2011-08-16,'002242,九阳股份,10.6,10.85,10.57,10.81,10.79,-0.19,-1.7609,0.251,1910112,20414515.69,8066070000.0,8066070000.0
2011-08-15,'002242,九阳股份,10.79,10.85,10.66,10.8,10.66,0.13,1.2195,0.334,2541405,27328065.0,8210650500.0,8210650500.0
2011-08-12,'002242,九阳股份,10.66,10.76,10.61,10.65,10.53,0.13,1.2346,0.2356,1792896,19137170.49,8111727000.0,8111727000.0
2011-08-11,'002242,九阳股份,10.53,10.59,10.07,10.1,10.47,0.06,0.5731,0.2502,1903990,19781591.79,8012803500.0,8012803500.0
2011-08-10,'002242,九阳股份,10.47,10.57,10.42,10.5,10.29,0.18,1.7493,0.2687,2045040,21467668.1,7967146500.0,7967146500.0
2011-08-09,'002242,九阳股份,10.29,10.42,9.87,10.25,10.51,-0.22,-2.0932,0.3712,2824897,28623895.04,7830175500.0,7830175500.0
2011-08-08,'002242,九阳股份,10.51,11.17,10.36,11.17,11.31,-0.8,-7.0734,0.3843,2924334,31500837.96,7997584500.0,7997584500.0
2011-08-05,'002242,九阳股份,11.31,11.42,11.18,11.42,11.71,-0.4,-3.4159,0.344,2617927,29640565.4,8606344500.0,8606344500.0
2011-08-04,'002242,九阳股份,11.71,11.85,11.59,11.63,11.61,0.1,0.8613,0.3552,2702675,31705292.49,8910724500.0,8910724500.0
2011-08-03,'002242,九阳股份,11.61,11.64,11.48,11.54,11.64,-0.03,-0.2577,0.3302,2513009,29035274.57,8834629500.0,8834629500.0
2011-08-02,'002242,九阳股份,11.64,11.88,11.54,11.76,11.85,-0.21,-1.7722,0.2585,1967236,22899466.4,8857458000.0,8857458000.0
2011-08-01,'002242,九阳股份,11.85,11.9,11.56,11.64,11.61,0.24,2.0672,0.328,2496148,29377864.99,9017257500.0,9017257500.0
2011-07-29,'002242,九阳股份,11.61,11.68,11.55,11.64,11.6,0.01,0.0862,0.1596,1214371,14099724.97,8834629500.0,8834629500.0
2011-07-28,'002242,九阳股份,11.6,11.77,11.54,11.67,11.77,-0.17,-1.4444,0.2031,1545113,17955902.03,8827020000.0,8827020000.0
2011-07-27,'002242,九阳股份,11.77,11.83,11.52,11.7,11.71,0.06,0.5124,0.3778,2875063,33620315.78,8956381500.0,8956381500.0
2011-07-26,'002242,九阳股份,11.71,12.05,11.51,11.91,12.06,-0.35,-2.9022,0.7062,5374031,62881208.28,8910724500.0,8910724500.0
2011-07-25,'002242,九阳股份,12.06,12.8,12.02,12.61,12.33,-0.27,-2.1898,0.6505,4950140,61851414.02,9177057000.0,9177057000.0
2011-07-22,'002242,九阳股份,12.33,12.39,12.26,12.29,12.26,0.07,0.571,0.1646,1252562,15421487.04,9382513500.0,9382513500.0
2011-07-21,'002242,九阳股份,12.26,12.51,12.26,12.51,12.52,-0.26,-2.0767,0.273,2077097,25683448.4,9329247000.0,9329247000.0
2011-07-20,'002242,九阳股份,12.52,12.6,12.45,12.52,12.51,0.01,0.0799,0.2371,1804421,22604964.29,9527094000.0,9527094000.0
2011-07-19,'002242,九阳股份,12.51,12.7,12.44,12.7,12.75,-0.24,-1.8824,0.2951,2245385,28210795.58,9519484500.0,9519484500.0
2011-07-18,'002242,九阳股份,12.75,12.96,12.7,12.8,12.69,0.06,0.4728,0.7461,5677127,72570248.62,9702112500.0,9702112500.0
2011-07-15,'002242,九阳股份,12.69,12.7,12.48,12.65,12.76,-0.07,-0.5486,1.0253,7801774,98220012.37,9656455500.0,9656455500.0
2011-07-14,'002242,九阳股份,12.76,12.76,12.53,12.58,12.61,0.15,1.1895,0.5654,4302162,54352677.2,9709722000.0,9709722000.0
2011-07-13,'002242,九阳股份,12.61,12.65,12.31,12.32,12.32,0.29,2.3539,0.4376,3330208,41601243.16,9595579500.0,9595579500.0
2011-07-12,'002242,九阳股份,12.32,12.63,12.27,12.56,12.68,-0.36,-2.8391,0.4522,3441055,42707866.23,9374904000.0,9374904000.0
2011-07-11,'002242,九阳股份,12.68,12.78,12.56,12.68,12.79,-0.11,-0.86,0.2269,1726284,21870428.85,9648846000.0,9648846000.0
2011-07-08,'002242,九阳股份,12.79,12.9,12.69,12.87,12.86,-0.07,-0.5443,0.1528,1162684,14853614.36,9732550500.0,9732550500.0
2011-07-07,'002242,九阳股份,12.86,12.94,12.68,12.68,12.76,0.1,0.7837,0.3198,2433686,31264697.96,9785817000.0,9785817000.0
2011-07-06,'002242,九阳股份,12.76,12.89,12.65,12.89,12.88,-0.12,-0.9317,0.2969,2259087,28777907.75,9709722000.0,9709722000.0
2011-07-05,'002242,九阳股份,12.88,12.97,12.79,12.91,12.88,0.0,0.0,0.2566,1952503,25159564.86,9801036000.0,9801036000.0
2011-07-04,'002242,九阳股份,12.88,12.94,12.51,12.54,12.51,0.37,2.9576,0.3818,2905010,37005791.21,9801036000.0,9801036000.0
2011-07-01,'002242,九阳股份,12.51,12.57,12.41,12.55,12.5,0.01,0.08,0.2735,2081405,26010852.8,9519484500.0,9519484500.0
2011-06-30,'002242,九阳股份,12.5,12.63,12.31,12.41,12.42,0.08,0.6441,0.4385,3336922,41656549.47,9511875000.0,9511875000.0
2011-06-29,'002242,九阳股份,12.42,12.64,12.41,12.58,12.55,-0.13,-1.0359,0.1826,1389368,17395878.91,9450999000.0,9450999000.0
2011-06-28,'002242,九阳股份,12.55,12.72,12.43,12.59,12.6,-0.05,-0.3968,0.2234,1699954,21294517.57,9549922500.0,9549922500.0
2011-06-27,'002242,九阳股份,12.6,12.77,12.37,12.39,12.41,0.19,1.531,0.4206,3200434,40458196.89,9587970000.0,9587970000.0
2011-06-24,'002242,九阳股份,12.41,12.5,12.1,12.16,12.15,0.26,2.1399,0.361,2746796,33874379.35,9443389500.0,9443389500.0
2011-06-23,'002242,九阳股份,12.15,12.18,11.78,11.96,11.95,0.2,1.6736,0.3205,2439152,29310496.32,9245542500.0,9245542500.0
2011-06-22,'002242,九阳股份,11.95,12.23,11.78,12.16,12.15,-0.2,-1.6461,0.2712,2063665,24650803.24,9093352500.0,9093352500.0
2011-06-21,'002242,九阳股份,12.15,12.19,11.98,12.19,12.07,0.08,0.6628,0.1942,1477960,17853290.91,9245542500.0,9245542500.0
2011-06-20,'002242,九阳股份,12.07,12.44,12.03,12.44,12.44,-0.37,-2.9743,0.2104,1601120,19508391.49,9184666500.0,9184666500.0
2011-06-17,'002242,九阳股份,12.44,12.64,12.33,12.55,12.57,-0.13,-1.0342,0.1347,1025072,12827980.05,9466218000.0,9466218000.0
2011-06-16,'002242,九阳股份,12.57,12.68,12.53,12.66,12.71,-0.14,-1.1015,0.1676,1275357,16049152.99,9565141500.0,9565141500.0
2011-06-15,'002242,九阳股份,12.71,12.94,12.71,12.94,12.94,-0.23,-1.7774,0.1854,1410459,18056177.15,9671674500.0,9671674500.0
2011-06-14,'002242,九阳股份,12.94,12.98,12.83,12.9,12.9,0.04,0.3101,0.1575,1198867,15493214.17,9846693000.0,9846693000.0
2011-06-13,'002242,九阳股份,12.9,13.25,12.82,13.19,13.18,-0.28,-2.1244,0.1448,1101569,14261216.93,9816255000.0,9816255000.0
2011-06-10,'002242,九阳股份,13.18,13.28,12.96,13.08,13.08,0.1,0.7645,0.2462,1873753,24672224.08,10029321000.0,10029321000.0
2011-06-09,'002242,九阳股份,13.08,13.27,13.04,13.15,13.15,-0.07,-0.5323,0.1986,1511353,19862459.76,9953226000.0,9953226000.0
2011-06-08,'002242,九阳股份,13.15,13.27,12.9,13.1,13.28,-0.13,-0.9789,0.2175,1655313,21635286.88,10006492500.0,10006492500.0
2011-06-07,'002242,九阳股份,13.28,13.49,13.01,13.2,13.1,0.18,1.374,0.2251,1712756,22792627.72,10105416000.0,10105416000.0
2011-06-03,'002242,九阳股份,13.1,13.11,12.81,12.81,12.76,0.34,2.6646,0.1639,1247019,16269625.5,9968445000.0,9968445000.0
2011-06-02,'002242,九阳股份,12.76,12.99,12.7,12.99,13.1,-0.34,-2.5954,0.1225,931891,11951625.28,9709722000.0,9709722000.0
2011-06-01,'002242,九阳股份,13.1,13.15,12.82,12.93,12.95,0.15,1.1583,0.2,1521962,19803826.98,9968445000.0,9968445000.0
2011-05-31,'002242,九阳股份,12.95,12.96,12.68,12.68,12.78,0.17,1.3302,0.1513,1151688,14834635.19,9854302500.0,9854302500.0
2011-05-30,'002242,九阳股份,12.78,13.16,12.41,12.48,12.6,0.18,1.4286,0.2067,1572958,20136523.22,9724941000.0,9724941000.0
2011-05-27,'002242,九阳股份,12.6,12.89,12.6,12.65,12.63,-0.03,-0.2375,1.0119,1932281,24667124.84,9587970000.0,2405970000.0
2011-05-26,'002242,九阳股份,12.63,12.88,12.61,12.68,12.65,-0.02,-0.1581,0.66,1260345,16049257.23,9610798500.0,2411698500.0
2011-05-25,'002242,九阳股份,12.65,12.99,12.65,12.9,12.95,-0.3,-2.3166,0.5422,1035304,13263208.64,9626017500.0,2415517500.0
2011-05-24,'002242,九阳股份,12.95,13.11,12.68,13.11,13.12,-0.17,-1.2957,0.8402,1604336,20683811.55,9854302500.0,2472802500.0
2011-05-23,'002242,九阳股份,13.12,13.6,13.11,13.6,13.6,-0.48,-3.5294,1.0625,2028934,26935811.29,9983664000.0,2505264000.0
2011-05-20,'002242,九阳股份,13.6,13.88,13.56,13.76,13.85,-0.25,-1.8051,1.1053,2110569,28856303.51,10348920000.0,2596920000.0
2011-05-19,'002242,九阳股份,13.85,14.02,13.82,14.0,13.93,-0.08,-0.5743,0.7184,1371775,19047610.58,10539157500.0,2644657500.0
2011-05-18,'002242,九阳股份,13.93,14.05,13.9,13.98,14.01,-0.08,-0.571,0.8693,1659889,23180334.16,10600033500.0,2659933500.0
2011-05-17,'002242,九阳股份,14.01,14.12,13.81,13.96,13.98,0.03,0.2146,1.3606,2598114,36376234.02,10660909500.0,2675209500.0
2011-05-16,'002242,九阳股份,13.98,13.98,13.69,13.77,13.78,0.2,1.4514,1.2868,2457212,34120351.66,10638081000.0,2669481000.0
2011-05-13,'002242,九阳股份,13.78,13.88,13.62,13.85,13.88,-0.1,-0.7205,1.5811,3019157,41564173.7,10485891000.0,2631291000.0
2011-05-12,'002242,九阳股份,13.88,13.96,13.73,13.9,13.92,-0.04,-0.2874,1.6629,3175221,43905771.24,10561986000.0,2650386000.0
2011-05-11,'002242,九阳股份,13.92,14.06,13.73,14.05,14.05,-0.13,-0.9253,1.636,3123873,43472824.41,10592424000.0,2658024000.0
2011-05-10,'002242,九阳股份,14.05,14.12,13.88,14.11,14.15,-0.1,-0.7067,1.3284,2536516,35450587.57,10691347500.0,2682847500.0
2011-05-09,'002242,九阳股份,14.15,14.22,13.88,14.22,14.18,-0.03,-0.2116,1.8239,3482649,48911360.8,10767442500.0,2701942500.0
2011-05-06,'002242,九阳股份,14.18,14.32,13.71,14.08,14.14,0.04,0.2829,1.5978,3050904,42762026.1,10790271000.0,2707671000.0
2011-05-05,'002242,九阳股份,14.14,14.52,14.1,14.52,14.55,-0.41,-2.8179,1.4833,2832288,40210293.82,10759833000.0,2700033000.0
2011-05-04,'002242,九阳股份,14.55,15.36,14.36,15.36,15.25,-0.7,-4.5902,2.3591,4504766,66192939.27,11071822500.0,2778322500.0
2011-05-03,'002242,九阳股份,15.75,15.75,15.3,15.4,15.33,0.42,2.7397,2.8648,5470333,85239450.18,11984962500.0,3007462500.0
2011-04-29,'002242,九阳股份,15.33,15.36,15.15,15.2,15.14,0.19,1.255,2.2861,4365263,66724290.65,11665363500.0,2927263500.0
2011-04-28,'002242,九阳股份,15.14,15.2,14.89,14.98,14.95,0.19,1.2709,1.813,3461997,52152371.22,11520783000.0,2890983000.0
2011-04-27,'002242,九阳股份,14.95,15.1,14.81,14.92,14.72,0.23,1.5625,1.2076,2305817,34426635.33,11376202500.0,2854702500.0
2011-04-26,'002242,九阳股份,14.72,14.95,14.68,14.9,14.85,-0.13,-0.8754,0.7185,1372038,20264963.55,11201184000.0,2810784000.0
2011-04-25,'002242,九阳股份,14.85,15.2,14.81,15.1,15.13,-0.28,-1.8506,0.8968,1712400,25557829.68,11300107500.0,2835607500.0
2011-04-22,'002242,九阳股份,15.13,15.25,15.06,15.19,15.14,-0.01,-0.0661,0.9805,1872351,28342480.76,11513173500.0,2889073500.0
2011-04-21,'002242,九阳股份,15.14,15.25,15.01,15.01,14.99,0.15,1.0007,1.562,2982723,45256496.67,11520783000.0,2890983000.0
2011-04-20,'002242,九阳股份,14.99,15.04,14.84,14.95,14.93,0.06,0.4019,1.4097,2691869,40234722.88,11406640500.0,2862340500.0
2011-04-19,'002242,九阳股份,14.93,14.94,14.59,14.78,14.61,0.32,2.1903,2.7165,5187195,76261368.07,11360983500.0,2850883500.0
2011-04-18,'002242,九阳股份,14.61,15.11,14.58,15.0,15.09,-0.48,-3.1809,2.7924,5332090,78481385.87,11117479500.0,2789779500.0
2011-04-15,'002242,九阳股份,0.0,0.0,0.0,0.0,15.09,None,None,0.0,0,0.0,11482735500.0,2881435500.0
2011-04-14,'002242,九阳股份,15.09,15.23,14.97,14.99,15.06,0.03,0.1992,1.471,2808906,42431103.36,11482735500.0,2881435500.0
2011-04-13,'002242,九阳股份,15.06,15.09,14.83,15.09,15.04,0.02,0.133,1.5516,2962761,44210481.05,11459907000.0,2875707000.0
2011-04-12,'002242,九阳股份,15.04,15.12,14.82,15.03,15.02,0.02,0.1332,1.4788,2823689,42190529.85,11444688000.0,2871888000.0
2011-04-11,'002242,九阳股份,15.02,15.39,15.0,15.3,15.28,-0.26,-1.7016,1.71,3265198,49364768.71,11429469000.0,2868069000.0
2011-04-08,'002242,九阳股份,15.28,15.3,15.15,15.24,15.29,-0.01,-0.0654,1.2373,2362672,35995166.58,11627316000.0,2917716000.0
2011-04-07,'002242,九阳股份,15.29,15.31,14.69,15.1,15.0,0.29,1.9333,1.709,3263280,48781710.8,11634925500.0,2919625500.0
2011-04-06,'002242,九阳股份,15.0,15.41,14.94,15.24,15.32,-0.32,-2.0888,1.3161,2513162,37966111.86,11414250000.0,2864250000.0
2011-04-01,'002242,九阳股份,15.32,15.32,15.15,15.15,15.15,0.17,1.1221,0.6726,1284392,19551252.86,11657754000.0,2925354000.0
2011-03-31,'002242,九阳股份,15.15,15.38,15.09,15.32,15.3,-0.15,-0.9804,0.8232,1571980,23878218.41,11528392500.0,2892892500.0
2011-03-30,'002242,九阳股份,15.3,15.93,15.19,15.91,15.9,-0.6,-3.7736,1.9095,3646272,56134186.69,11642535000.0,2921535000.0
2011-03-29,'002242,九阳股份,15.9,16.34,15.89,16.34,16.33,-0.43,-2.6332,1.024,1955263,31417313.1,12099105000.0,3036105000.0
2011-03-28,'002242,九阳股份,16.33,16.44,16.22,16.35,16.38,-0.05,-0.3053,1.0731,2049126,33486429.78,12426313500.0,3118213500.0
2011-03-25,'002242,九阳股份,16.38,16.38,16.0,16.1,16.04,0.34,2.1197,1.4829,2831544,45861694.59,12464361000.0,3127761000.0
2011-03-24,'002242,九阳股份,16.04,16.28,16.01,16.24,16.21,-0.17,-1.0487,0.7549,1441528,23255212.71,12205638000.0,3062838000.0
2011-03-23,'002242,九阳股份,16.21,16.22,16.04,16.14,16.14,0.07,0.4337,0.8889,1697288,27369322.92,12334999500.0,3095299500.0
2011-03-22,'002242,九阳股份,16.14,16.15,15.85,15.99,16.0,0.14,0.875,0.7216,1377881,22071306.02,12281733000.0,3081933000.0
2011-03-21,'002242,九阳股份,16.0,16.42,15.94,16.31,16.2,-0.2,-1.2346,1.0752,2053006,33043913.75,12175200000.0,3055200000.0
2011-03-18,'002242,九阳股份,16.2,16.51,16.15,16.31,16.31,-0.11,-0.6744,1.1064,2112644,34340751.94,12327390000.0,3093390000.0
2011-03-17,'002242,九阳股份,16.31,16.52,16.21,16.4,16.49,-0.18,-1.0916,0.9414,1797622,29420357.25,12411094500.0,3114394500.0
2011-03-16,'002242,九阳股份,16.49,16.6,16.21,16.22,16.17,0.32,1.979,1.5669,2991998,49260968.63,12548065500.0,3148765500.0
2011-03-15,'002242,九阳股份,16.17,16.57,15.9,16.57,16.57,-0.4,-2.414,1.5893,3034829,49143544.25,12304561500.0,3087661500.0
2011-03-14,'002242,九阳股份,16.57,16.61,16.32,16.4,16.42,0.15,0.9135,1.2215,2332469,38430117.38,12608941500.0,3164041500.0
2011-03-11,'002242,九阳股份,16.42,16.54,16.3,16.46,16.47,-0.05,-0.3036,1.2674,2420188,39819525.4,12494799000.0,3135399000.0
2011-03-10,'002242,九阳股份,16.47,16.66,16.36,16.62,16.61,-0.14,-0.8429,0.9777,1866958,30762189.36,12532846500.0,3144946500.0
2011-03-09,'002242,九阳股份,16.61,16.64,16.4,16.52,16.5,0.11,0.6667,1.5796,3016224,49868294.93,12639379500.0,3171679500.0
2011-03-08,'002242,九阳股份,16.5,16.59,16.36,16.59,16.59,-0.09,-0.5425,1.4364,2742873,45140852.39,12555675000.0,3150675000.0
2011-03-07,'002242,九阳股份,16.59,16.94,16.49,16.82,16.71,-0.12,-0.7181,2.449,4676457,77627690.84,12624160500.0,3167860500.0
2011-03-04,'002242,九阳股份,16.71,16.78,16.4,16.52,16.67,0.04,0.24,1.0853,2072315,34410950.99,12715474500.0,3190774500.0
2011-03-03,'002242,九阳股份,16.67,17.29,16.6,17.18,17.19,-0.52,-3.025,2.0395,3894439,65822588.18,12685036500.0,3183136500.0
2011-03-02,'002242,九阳股份,17.19,17.28,16.78,17.05,17.17,0.02,0.1165,2.1743,4151736,71011112.43,13080730500.0,3282430500.0
2011-03-01,'002242,九阳股份,17.17,17.3,16.81,17.07,17.0,0.17,1.0,4.6387,8857609,151384878.98,13065511500.0,3278611500.0
2011-02-28,'002242,九阳股份,17.0,17.33,16.43,16.75,16.86,0.14,0.8304,4.2339,8084657,137615328.82,12936150000.0,3246150000.0
2011-02-25,'002242,九阳股份,16.86,16.95,16.35,16.45,16.44,0.42,2.5547,1.3761,2627576,43769936.4,12829617000.0,3219417000.0
2011-02-24,'002242,九阳股份,16.44,16.66,16.31,16.64,16.67,-0.23,-1.3797,0.8005,1528534,25152392.1,12510018000.0,3139218000.0
2011-02-23,'002242,九阳股份,16.67,16.77,16.5,16.57,16.62,0.05,0.3008,0.9954,1900640,31639364.89,12685036500.0,3183136500.0
2011-02-22,'002242,九阳股份,16.62,17.29,16.58,17.29,17.3,-0.68,-3.9306,1.8473,3527402,59647900.47,12646989000.0,3173589000.0
2011-02-21,'002242,九阳股份,17.3,17.33,16.5,16.68,16.77,0.53,3.1604,2.9756,5681815,96831909.66,13164435000.0,3303435000.0
2011-02-18,'002242,九阳股份,16.77,17.09,16.66,16.92,16.92,-0.15,-0.8865,1.463,2793602,46983380.83,12761131500.0,3202231500.0
2011-02-17,'002242,九阳股份,16.92,17.31,16.78,16.8,16.72,0.2,1.1962,3.352,6400702,109169870.46,12875274000.0,3230874000.0
2011-02-16,'002242,九阳股份,16.72,16.73,16.32,16.4,16.36,0.36,2.2005,2.3391,4466497,73862672.59,12723084000.0,3192684000.0
2011-02-15,'002242,九阳股份,16.36,16.99,16.36,16.92,16.39,-0.03,-0.183,3.2361,6179303,102127471.81,12449142000.0,3123942000.0
2011-02-14,'002242,九阳股份,0.0,0.0,0.0,0.0,16.39,None,None,0.0,0,0.0,12471970500.0,3129670500.0
2011-02-11,'002242,九阳股份,16.39,16.55,15.51,15.72,15.69,0.7,4.4614,3.0946,5909178,95933778.12,12471970500.0,3129670500.0
2011-02-10,'002242,九阳股份,15.69,15.71,14.84,14.95,14.95,0.74,4.9498,1.4333,2736969,42244357.7,11939305500.0,2996005500.0
2011-02-09,'002242,九阳股份,14.95,15.33,14.91,15.12,15.29,-0.34,-2.2237,0.5781,1103937,16635448.91,11376202500.0,2854702500.0
2011-02-01,'002242,九阳股份,15.29,15.46,15.28,15.41,15.35,-0.06,-0.3909,0.6118,1168316,17951274.26,11634925500.0,2919625500.0
2011-01-31,'002242,九阳股份,15.35,15.44,15.15,15.38,15.34,0.01,0.0652,0.8021,1531578,23437600.53,11680582500.0,2931082500.0
2011-01-28,'002242,九阳股份,15.34,15.48,15.22,15.29,15.29,0.05,0.327,1.0033,1915773,29418452.3,11672973000.0,2929173000.0
2011-01-27,'002242,九阳股份,15.29,15.32,14.97,15.23,15.28,0.01,0.0654,1.1307,2159126,32806866.34,11634925500.0,2919625500.0
2011-01-26,'002242,九阳股份,15.28,15.35,14.91,15.21,15.21,0.07,0.4602,0.6221,1187820,17967750.63,11627316000.0,2917716000.0
2011-01-25,'002242,九阳股份,15.21,15.3,15.0,15.01,15.07,0.14,0.929,0.7797,1488931,22642885.62,11574049500.0,2904349500.0
2011-01-24,'002242,九阳股份,15.07,15.31,14.9,15.26,15.15,-0.08,-0.5281,0.6392,1220581,18390641.75,11467516500.0,2877616500.0
2011-01-21,'002242,九阳股份,15.15,15.37,14.83,14.9,14.83,0.32,2.1578,1.2493,2385598,36046218.54,11528392500.0,2892892500.0
2011-01-20,'002242,九阳股份,14.83,15.4,14.79,14.8,14.7,0.13,0.8844,1.7272,3298024,49902930.13,11284888500.0,2831788500.0
2011-01-19,'002242,九阳股份,14.7,14.77,14.34,14.58,14.55,0.15,1.0309,0.741,1414983,20591173.39,11185965000.0,2806965000.0
2011-01-18,'002242,九阳股份,14.55,14.65,14.41,14.47,14.47,0.08,0.5529,0.6612,1262569,18355595.11,11071822500.0,2778322500.0
2011-01-17,'002242,九阳股份,14.47,14.97,14.47,14.71,14.78,-0.31,-2.0974,0.9417,1798180,26340812.32,11010946500.0,2763046500.0
2011-01-14,'002242,九阳股份,14.78,15.15,14.78,15.1,15.08,-0.3,-1.9894,1.446,2761191,41258128.56,11246841000.0,2822241000.0
2011-01-13,'002242,九阳股份,15.08,15.47,15.01,15.35,15.3,-0.22,-1.4379,1.4451,2759332,41937534.22,11475126000.0,2879526000.0
2011-01-12,'002242,九阳股份,15.3,15.67,15.11,15.27,15.27,0.03,0.1965,2.4765,4728962,73314244.93,11642535000.0,2921535000.0
2011-01-11,'002242,九阳股份,15.27,15.54,15.0,15.0,15.02,0.25,1.6644,0.758,1447317,22122446.37,11619706500.0,2915806500.0
2011-01-10,'002242,九阳股份,15.02,15.45,15.0,15.45,15.43,-0.41,-2.6572,0.6488,1238826,18950284.9,11429469000.0,2868069000.0
2011-01-07,'002242,九阳股份,15.43,15.66,15.4,15.5,15.5,-0.07,-0.4516,0.6418,1225471,18960143.87,11741458500.0,2946358500.0
2011-01-06,'002242,九阳股份,15.5,15.78,15.23,15.25,15.26,0.24,1.5727,1.4199,2711342,42232275.82,11794725000.0,2959725000.0
2011-01-05,'002242,九阳股份,15.26,15.49,15.21,15.28,15.35,-0.09,-0.5863,0.7542,1440119,22069220.17,11612097000.0,2913897000.0
2011-01-04,'002242,九阳股份,15.35,15.55,15.03,15.11,15.07,0.28,1.858,1.3235,2527260,38725558.44,11680582500.0,2931082500.0
2010-12-31,'002242,九阳股份,15.07,15.13,14.66,14.66,14.66,0.41,2.7967,0.8729,1666747,24990410.98,11467516500.0,2877616500.0
2010-12-30,'002242,九阳股份,14.66,14.72,14.5,14.61,14.56,0.1,0.6868,0.6464,1234341,18037294.6,11155527000.0,2799327000.0
2010-12-29,'002242,九阳股份,14.56,14.59,14.22,14.28,14.28,0.28,1.9608,1.037,1980115,28586358.55,11079432000.0,2780232000.0
2010-12-28,'002242,九阳股份,14.28,15.08,14.24,15.0,14.99,-0.71,-4.7365,1.3067,2495148,36247409.57,10866366000.0,2726766000.0
2010-12-27,'002242,九阳股份,14.99,15.88,14.96,15.68,15.7,-0.71,-4.5223,1.5638,2986115,45961179.0,11406640500.0,2862340500.0
2010-12-24,'002242,九阳股份,15.7,15.75,15.0,15.46,15.41,0.29,1.8819,1.5325,2926264,45105990.39,11946915000.0,2997915000.0
2010-12-23,'002242,九阳股份,15.41,15.91,15.38,15.87,15.87,-0.46,-2.8986,1.7675,3374999,52528101.39,11726239500.0,2942539500.0
2010-12-22,'002242,九阳股份,15.87,16.19,15.86,16.1,16.15,-0.28,-1.7337,1.2945,2471868,39496896.77,12076276500.0,3030376500.0
2010-12-21,'002242,九阳股份,16.15,16.22,15.99,16.1,16.1,0.05,0.3106,0.9385,1791971,28883067.68,12289342500.0,3083842500.0
2010-12-20,'002242,九阳股份,16.1,16.66,15.79,16.63,16.57,-0.47,-2.8365,1.9573,3737402,60298436.31,12251295000.0,3074295000.0
2010-12-17,'002242,九阳股份,16.57,16.59,16.26,16.27,16.33,0.24,1.4697,1.568,2994158,49355255.44,12608941500.0,3164041500.0
2010-12-16,'002242,九阳股份,16.33,16.48,16.2,16.25,16.35,-0.02,-0.1223,1.0013,1912028,31114449.64,12426313500.0,3118213500.0
2010-12-15,'002242,九阳股份,16.35,16.69,16.31,16.58,16.59,-0.24,-1.4467,1.5741,3005831,49586204.12,12441532500.0,3122032500.0
2010-12-14,'002242,九阳股份,16.59,16.59,16.41,16.5,16.49,0.1,0.6064,1.5593,2977503,49140033.25,12624160500.0,3167860500.0
2010-12-13,'002242,九阳股份,16.49,16.58,16.22,16.22,16.21,0.28,1.7273,1.5482,2956257,48587495.36,12548065500.0,3148765500.0
2010-12-10,'002242,九阳股份,16.21,16.22,15.97,16.0,16.0,0.21,1.3125,0.7074,1350794,21701085.6,12334999500.0,3095299500.0
2010-12-09,'002242,九阳股份,16.0,16.42,16.0,16.33,16.33,-0.33,-2.0208,1.0246,1956513,31640840.79,12175200000.0,3055200000.0
2010-12-08,'002242,九阳股份,16.33,16.78,16.3,16.62,16.62,-0.29,-1.7449,0.9816,1874279,30879032.79,12426313500.0,3118213500.0
2010-12-07,'002242,九阳股份,16.62,16.71,16.15,16.31,16.31,0.31,1.9007,1.1633,2221372,36444193.7,12646989000.0,3173589000.0
2010-12-06,'002242,九阳股份,16.31,16.33,16.0,16.25,16.18,0.13,0.8035,1.2535,2393533,38773085.73,12411094500.0,3114394500.0
2010-12-03,'002242,九阳股份,16.18,16.58,16.02,16.51,16.51,-0.33,-1.9988,1.8416,3516559,57132096.72,12312171000.0,3089571000.0
2010-12-02,'002242,九阳股份,16.51,16.66,16.47,16.52,16.4,0.11,0.6707,1.5576,2974221,49167282.86,12563284500.0,3152584500.0
2010-12-01,'002242,九阳股份,16.4,16.55,16.31,16.31,16.42,-0.02,-0.1218,1.5231,2908362,47937882.12,12479580000.0,3131580000.0
2010-11-30,'002242,九阳股份,16.42,17.47,16.1,17.41,17.41,-0.99,-5.6864,3.6298,6931034,115040860.43,12494799000.0,3135399000.0
2010-11-29,'002242,九阳股份,17.41,17.5,17.22,17.3,17.37,0.04,0.2303,2.0705,3953683,68561343.31,13248139500.0,3324439500.0
2010-11-26,'002242,九阳股份,17.37,17.5,17.23,17.38,17.39,-0.02,-0.115,1.8967,3621809,62880610.28,13217701500.0,3316801500.0
2010-11-25,'002242,九阳股份,17.39,17.75,17.26,17.65,17.63,-0.24,-1.3613,2.897,5531841,96713926.46,13232920500.0,3320620500.0
2010-11-24,'002242,九阳股份,17.63,17.8,17.36,17.48,17.59,0.04,0.2274,3.2131,6135486,107831655.35,13415548500.0,3366448500.0
2010-11-23,'002242,九阳股份,17.59,17.7,17.0,17.37,17.4,0.19,1.092,4.7679,9104329,158522922.63,13385110500.0,3358810500.0
2010-11-22,'002242,九阳股份,17.4,17.5,16.67,16.85,16.92,0.48,2.8369,4.246,8107717,139439478.74,13240530000.0,3322530000.0
2010-11-19,'002242,九阳股份,16.92,16.99,16.42,16.95,16.78,0.14,0.8343,2.6899,5136312,86045091.09,12875274000.0,3230874000.0
2010-11-18,'002242,九阳股份,16.78,16.96,16.52,16.71,16.53,0.25,1.5124,1.9832,3786853,63510436.34,12768741000.0,3204141000.0
2010-11-17,'002242,九阳股份,16.53,16.8,16.15,16.16,16.54,-0.01,-0.0605,2.3015,4394758,72759741.73,12578503500.0,3156403500.0
2010-11-16,'002242,九阳股份,16.54,17.19,16.34,17.04,17.04,-0.5,-2.9343,3.5111,6704383,112442650.24,12586113000.0,3158313000.0
2010-11-15,'002242,九阳股份,17.04,17.05,15.91,15.92,16.01,1.03,6.4335,3.4068,6505198,107642514.8,12966588000.0,3253788000.0
2010-11-12,'002242,九阳股份,16.01,17.44,15.98,17.44,17.51,-1.5,-8.5665,5.0953,9729467,163120296.74,12182809500.0,3057109500.0
2010-11-11,'002242,九阳股份,17.51,18.18,17.48,17.77,17.77,-0.26,-1.4631,8.5588,16343038,293584937.55,13324234500.0,3343534500.0
2010-11-10,'002242,九阳股份,17.77,17.79,17.05,17.32,17.33,0.44,2.5389,7.2538,13851156,241549556.0,13522081500.0,3393181500.0
2010-11-09,'002242,九阳股份,17.33,17.55,17.19,17.5,17.5,-0.17,-0.9714,3.4175,6525782,112959709.67,13187263500.0,3309163500.0
2010-11-08,'002242,九阳股份,17.5,17.77,16.9,16.92,16.86,0.64,3.796,6.5122,12435108,215144711.31,13316625000.0,3341625000.0
2010-11-05,'002242,九阳股份,16.86,16.98,16.56,16.84,16.74,0.12,0.7168,2.9341,5602637,93781806.06,12829617000.0,3219417000.0
2010-11-04,'002242,九阳股份,16.74,16.88,16.56,16.7,16.69,0.05,0.2996,2.1044,4018352,67078382.82,12738303000.0,3196503000.0
2010-11-03,'002242,九阳股份,16.69,17.38,16.45,17.09,17.18,-0.49,-2.8522,3.4496,6587008,111425256.96,12700255500.0,3186955500.0
2010-11-02,'002242,九阳股份,17.18,17.54,17.11,17.2,17.19,-0.01,-0.0582,4.1316,7889312,136605296.41,13073121000.0,3280521000.0
2010-11-01,'002242,九阳股份,17.19,17.22,16.52,16.54,16.48,0.71,4.3083,2.9336,5601682,95374032.3,13080730500.0,3282430500.0
2010-10-29,'002242,九阳股份,16.48,16.7,16.26,16.26,16.23,0.25,1.5404,1.8635,3558443,58654049.55,12540456000.0,3146856000.0
2010-10-28,'002242,九阳股份,16.23,16.7,16.1,16.39,16.84,-0.61,-3.6223,2.6688,5096121,83324004.64,12350218500.0,3099118500.0
2010-10-27,'002242,九阳股份,0.0,0.0,0.0,0.0,16.84,None,None,0.0,0,0.0,12814398000.0,3215598000.0
2010-10-26,'002242,九阳股份,16.84,17.38,16.61,17.35,17.23,-0.39,-2.2635,2.8983,5534388,93282228.8,12814398000.0,3215598000.0
2010-10-25,'002242,九阳股份,17.23,17.59,16.88,16.88,16.87,0.36,2.134,4.0779,7786661,134786875.77,13111168500.0,3290068500.0
2010-10-22,'002242,九阳股份,16.87,17.03,16.42,16.6,16.6,0.27,1.6265,2.5689,4905295,82445636.22,12837226500.0,3221326500.0
2010-10-21,'002242,九阳股份,16.6,16.93,16.29,16.29,16.24,0.36,2.2167,4.252,8119184,135088815.55,12631770000.0,3169770000.0
2010-10-20,'002242,九阳股份,16.24,16.5,15.71,15.88,16.1,0.14,0.8696,2.4984,4770667,77340340.7,12357828000.0,3101028000.0
2010-10-19,'002242,九阳股份,16.1,16.15,15.21,15.28,15.27,0.83,5.4355,3.2522,6210162,98213915.28,12251295000.0,3074295000.0
2010-10-18,'002242,九阳股份,15.27,15.94,15.0,15.71,15.77,-0.5,-3.1706,3.1783,6068994,92240972.72,11619706500.0,2915806500.0
2010-10-15,'002242,九阳股份,15.77,16.45,15.6,16.2,16.2,-0.43,-2.6543,4.025,7685706,122754720.11,12000181500.0,3011281500.0
2010-10-14,'002242,九阳股份,16.2,17.94,16.09,17.85,17.8,-1.6,-8.9888,5.0891,9717719,165274733.62,12327390000.0,3093390000.0
2010-10-13,'002242,九阳股份,17.8,17.89,17.27,17.6,17.5,0.3,1.7143,3.3964,6485387,114455033.93,13544910000.0,3398910000.0
2010-10-12,'002242,九阳股份,17.5,17.89,17.34,17.68,17.68,-0.18,-1.0181,2.3061,4403590,77299032.37,13316625000.0,3341625000.0
2010-10-11,'002242,九阳股份,17.68,18.1,17.61,17.93,17.93,-0.25,-1.3943,2.8013,5349149,94887126.59,13453596000.0,3375996000.0
2010-10-08,'002242,九阳股份,17.93,18.23,17.28,17.6,17.53,0.4,2.2818,3.3058,6312416,112938855.63,13643833500.0,3423733500.0
2010-09-30,'002242,九阳股份,17.53,17.6,17.0,17.14,17.13,0.4,2.3351,1.6592,3168286,55178230.93,13339453500.0,3347353500.0
2010-09-29,'002242,九阳股份,17.13,17.99,16.94,17.83,17.82,-0.69,-3.8721,2.9791,5688536,98806096.43,13035073500.0,3270973500.0
2010-09-28,'002242,九阳股份,17.82,17.9,17.63,17.83,17.85,-0.03,-0.1681,2.4343,4648310,82410574.13,13560129000.0,3402729000.0
2010-09-27,'002242,九阳股份,17.85,17.99,17.4,17.65,17.56,0.29,1.6515,2.4535,4684951,82725905.32,13582957500.0,3408457500.0
2010-09-21,'002242,九阳股份,17.56,17.75,17.15,17.41,17.36,0.2,1.1521,2.1448,4095529,71926115.16,13362282000.0,3353082000.0
2010-09-20,'002242,九阳股份,17.36,17.7,16.91,17.0,17.0,0.36,2.1176,2.7947,5336412,93041768.78,13210092000.0,3314892000.0
2010-09-17,'002242,九阳股份,17.0,17.29,16.82,17.05,17.18,-0.18,-1.0477,1.8092,3454760,58929416.32,12936150000.0,3246150000.0
2010-09-16,'002242,九阳股份,17.18,18.0,16.81,17.68,17.75,-0.57,-3.2113,2.6978,5151473,88958854.69,13073121000.0,3280521000.0
2010-09-15,'002242,九阳股份,17.75,18.0,17.17,17.7,17.7,0.05,0.2825,3.7899,7236729,127471141.02,13506862500.0,3389362500.0
2010-09-14,'002242,九阳股份,17.7,18.28,17.05,17.05,16.91,0.79,4.6718,6.6395,12678211,225048297.77,13468815000.0,3379815000.0
2010-09-13,'002242,九阳股份,16.91,17.03,16.38,16.44,16.37,0.54,3.2987,3.2977,6297039,105820820.03,12867664500.0,3228964500.0
2010-09-10,'002242,九阳股份,16.37,16.42,16.1,16.21,16.3,0.07,0.4294,1.6779,3203902,52064834.95,12456751500.0,3125851500.0
2010-09-09,'002242,九阳股份,16.3,16.76,16.3,16.71,16.65,-0.35,-2.1021,2.7324,5217611,86141617.72,12403485000.0,3112485000.0
2010-09-08,'002242,九阳股份,16.65,16.78,16.38,16.5,16.46,0.19,1.1543,2.724,5201466,86258753.19,12669817500.0,3179317500.0
2010-09-07,'002242,九阳股份,16.46,16.54,16.23,16.35,16.36,0.1,0.6112,1.5457,2951448,48431084.77,12525237000.0,3143037000.0
2010-09-06,'002242,九阳股份,16.36,16.79,16.32,16.51,16.49,-0.13,-0.7884,2.3696,4524749,74713212.44,12449142000.0,3123942000.0
2010-09-03,'002242,九阳股份,16.49,16.59,16.15,16.51,16.49,0.0,0.0,2.9694,5670040,92528085.29,12548065500.0,3148765500.0
2010-09-02,'002242,九阳股份,16.49,16.7,16.23,16.38,16.32,0.17,1.0417,2.7651,5279939,87056301.61,12548065500.0,3148765500.0
2010-09-01,'002242,九阳股份,16.32,17.17,16.12,16.98,16.77,-0.45,-2.6834,3.8468,7345552,121421204.17,12418704000.0,3116304000.0
2010-08-31,'002242,九阳股份,16.77,16.89,16.18,16.38,16.46,0.31,1.8834,3.5249,6730708,111442257.52,12761131500.0,3202231500.0
2010-08-30,'002242,九阳股份,16.46,16.6,15.82,16.03,16.13,0.33,2.0459,3.9837,7606955,123671071.11,12525237000.0,3143037000.0
2010-08-27,'002242,九阳股份,16.13,16.4,15.15,15.2,15.22,0.91,5.979,2.7522,5255289,83051710.18,12274123500.0,3080023500.0
2010-08-26,'002242,九阳股份,15.22,15.5,15.15,15.32,15.32,-0.1,-0.6527,1.3723,2620491,40082611.91,11581659000.0,2906259000.0
2010-08-25,'002242,九阳股份,15.32,15.79,15.32,15.7,15.8,-0.48,-3.038,1.8126,3461082,53644855.06,11657754000.0,2925354000.0
2010-08-24,'002242,九阳股份,15.8,15.96,15.31,15.69,15.67,0.13,0.8296,1.8283,3491139,54916173.24,12023010000.0,3017010000.0
2010-08-23,'002242,九阳股份,15.67,15.84,15.55,15.55,15.55,0.12,0.7717,1.4526,2773746,43558503.96,11924086500.0,2992186500.0
2010-08-20,'002242,九阳股份,15.55,16.13,15.53,16.08,16.18,-0.63,-3.8937,2.6532,5066248,79970096.85,11832772500.0,2969272500.0
2010-08-19,'002242,九阳股份,16.18,16.62,15.92,15.98,15.99,0.19,1.1882,5.1746,9880807,161266276.56,12312171000.0,3089571000.0
2010-08-18,'002242,九阳股份,15.99,16.21,15.41,15.78,15.76,0.23,1.4594,4.4274,8454151,134391072.33,12167590500.0,3053290500.0
2010-08-17,'002242,九阳股份,15.76,15.99,15.36,15.41,15.49,0.27,1.7431,3.7881,7233356,113140755.73,11992572000.0,3009372000.0
2010-08-16,'002242,九阳股份,15.49,15.54,14.96,15.02,15.1,0.39,2.5828,3.5152,6712325,102801896.65,11787115500.0,2957815500.0
2010-08-13,'002242,九阳股份,15.1,15.19,14.65,14.95,14.95,0.15,1.0033,2.7815,5311196,79534800.99,11490345000.0,2883345000.0
2010-08-12,'002242,九阳股份,14.95,15.1,14.41,14.5,14.69,0.26,1.7699,3.4895,6663293,99066520.29,11376202500.0,2854702500.0
2010-08-11,'002242,九阳股份,14.69,14.85,14.47,14.5,14.55,0.14,0.9622,2.0558,3925625,57550858.5,11178355500.0,2805055500.0
2010-08-10,'002242,九阳股份,14.55,15.29,14.55,15.29,15.3,-0.75,-4.902,3.6356,6942135,103404189.5,11071822500.0,2778322500.0
2010-08-09,'002242,九阳股份,15.3,15.4,14.64,14.76,14.73,0.57,3.8697,5.2088,9946154,149605677.69,11642535000.0,2921535000.0
2010-08-06,'002242,九阳股份,14.73,14.81,14.05,14.46,14.45,0.28,1.9377,3.8741,7397640,107346519.2,11208793500.0,2812693500.0
2010-08-05,'002242,九阳股份,14.45,14.59,13.95,14.05,14.05,0.4,2.847,3.7112,7086561,101983925.44,10995727500.0,2759227500.0
2010-08-04,'002242,九阳股份,14.05,14.24,13.61,14.1,14.16,-0.11,-0.7768,3.3114,6323191,88362824.85,10691347500.0,2682847500.0
2010-08-03,'002242,九阳股份,14.16,14.69,14.16,14.6,14.6,-0.44,-3.0137,2.9513,5635484,81230414.75,10775052000.0,2703852000.0
2010-08-02,'002242,九阳股份,14.6,14.7,14.5,14.55,14.55,0.05,0.3436,2.789,5325650,77787680.13,11109870000.0,2787870000.0
2010-07-30,'002242,九阳股份,14.55,14.83,14.1,14.33,14.32,0.23,1.6061,3.833,7319159,106370302.47,11071822500.0,2778322500.0
2010-07-29,'002242,九阳股份,14.32,14.71,14.08,14.6,14.62,-0.3,-2.052,4.2428,8101587,116510105.03,10896804000.0,2734404000.0
2010-07-28,'002242,九阳股份,14.62,14.75,14.21,14.48,14.49,0.13,0.8972,3.6273,6926383,100679806.83,11125089000.0,2791689000.0
2010-07-27,'002242,九阳股份,14.49,14.68,14.0,14.16,14.19,0.3,2.1142,4.6338,8848256,127892347.82,11026165500.0,2766865500.0
2010-07-26,'002242,九阳股份,14.19,14.24,13.66,13.86,13.86,0.33,2.381,3.9162,7478020,105256601.83,10797880500.0,2709580500.0
2010-07-23,'002242,九阳股份,13.86,14.02,13.52,13.88,13.87,-0.01,-0.0721,3.0412,5807201,79866901.26,10546767000.0,2646567000.0
2010-07-22,'002242,九阳股份,13.87,13.87,13.6,13.68,13.71,0.16,1.167,2.0961,4002463,55160771.96,10554376500.0,2648476500.0
2010-07-21,'002242,九阳股份,13.71,14.05,13.61,13.87,13.86,-0.15,-1.0823,3.6318,6935009,95783168.79,10432624500.0,2617924500.0
2010-07-20,'002242,九阳股份,13.86,13.98,13.43,13.43,13.43,0.43,3.2018,4.6301,8841086,122133517.06,10546767000.0,2646567000.0
2010-07-19,'002242,九阳股份,13.43,13.47,12.82,13.0,13.05,0.38,2.9119,2.9615,5655035,75212243.41,10219558500.0,2564458500.0
2010-07-16,'002242,九阳股份,13.05,13.18,12.63,13.01,13.1,-0.05,-0.3817,2.0406,3896483,50210287.07,9930397500.0,2491897500.0
2010-07-15,'002242,九阳股份,13.1,13.4,13.05,13.26,13.34,-0.24,-1.7991,2.9188,5573372,73730459.64,9968445000.0,2501445000.0
2010-07-14,'002242,九阳股份,13.34,13.5,12.87,12.87,12.85,0.49,3.8132,4.1019,7832519,104032804.75,10151073000.0,2547273000.0
2010-07-13,'002242,九阳股份,12.85,13.24,12.83,13.24,13.19,-0.34,-2.5777,2.5599,4888140,63451020.14,9778207500.0,2453707500.0
2010-07-12,'002242,九阳股份,13.19,13.53,13.02,13.15,13.2,-0.01,-0.0758,4.2556,8125985,107895830.55,10036930500.0,2518630500.0
2010-07-09,'002242,九阳股份,13.2,13.46,12.7,12.7,12.59,0.61,4.8451,5.2831,10088111,133218456.73,10044540000.0,2520540000.0
2010-07-08,'002242,九阳股份,12.59,12.9,12.5,12.86,12.88,-0.29,-2.2516,2.3007,4393218,55776376.06,9580360500.0,2404060500.0
2010-07-07,'002242,九阳股份,12.88,13.09,12.34,12.53,12.48,0.4,3.2051,3.5336,6747456,85668078.96,9801036000.0,2459436000.0
2010-07-06,'002242,九阳股份,12.48,12.51,11.43,11.55,11.65,0.83,7.1245,3.24,6186695,74867909.24,9496656000.0,2383056000.0
2010-07-05,'002242,九阳股份,0.0,0.0,0.0,0.0,11.65,None,None,0.0,0,0.0,8865067500.0,2224567500.0
2010-07-02,'002242,九阳股份,11.65,11.7,10.92,11.61,11.56,0.09,0.7785,1.7903,3418602,38807866.34,8865067500.0,2224567500.0
2010-07-01,'002242,九阳股份,11.56,11.85,11.48,11.5,11.49,0.07,0.6092,1.2808,2445749,28509715.57,8796582000.0,2207382000.0
2010-06-30,'002242,九阳股份,11.49,11.8,11.33,11.8,11.91,-0.42,-3.5264,1.7395,3321527,38249309.18,8743315500.0,2194015500.0
2010-06-29,'002242,九阳股份,11.91,13.14,11.86,13.02,12.99,-1.08,-8.3141,2.8421,5426979,67040934.02,9062914500.0,2274214500.0
2010-06-28,'002242,九阳股份,12.99,13.1,12.7,12.89,12.98,0.01,0.077,1.4053,2683449,34646054.02,9884740500.0,2480440500.0
2010-06-25,'002242,九阳股份,12.98,13.29,12.8,12.98,13.1,-0.12,-0.916,2.3894,4562627,59408496.05,9877131000.0,2478531000.0
2010-06-24,'002242,九阳股份,13.1,13.38,12.96,13.33,13.59,-0.49,-3.6056,3.8422,7336687,96277879.26,9968445000.0,2501445000.0
2010-06-23,'002242,九阳股份,13.59,13.7,12.5,12.5,12.5,1.09,8.72,7.1202,13596048,178466364.36,10341310500.0,2595010500.0
2010-06-22,'002242,九阳股份,12.5,12.67,12.22,12.32,12.32,0.18,1.461,1.6285,3109585,38921661.8,9511875000.0,2386875000.0
2010-06-21,'002242,九阳股份,12.32,12.49,11.56,12.06,12.14,0.18,1.4827,1.9592,3741149,45240585.47,9374904000.0,2352504000.0
2010-06-18,'002242,九阳股份,12.14,12.96,12.01,12.96,13.0,-0.86,-6.6154,2.69,5136531,63949765.53,9237933000.0,2318133000.0
2010-06-17,'002242,九阳股份,13.0,13.19,12.93,13.03,12.87,0.13,1.0101,2.8696,5479493,71552557.85,9892350000.0,2482350000.0
2010-06-11,'002242,九阳股份,12.87,13.14,12.78,13.04,13.02,-0.15,-1.1521,2.9981,5724845,73859559.66,9793426500.0,2457526500.0
2010-06-10,'002242,九阳股份,13.02,13.37,12.88,13.23,13.24,-0.22,-1.6616,6.259,11951572,156766064.83,9907569000.0,2486169000.0
2010-06-09,'002242,九阳股份,13.24,13.24,12.2,12.2,12.04,1.2,9.9668,9.0526,17285846,223053700.5,10074978000.0,2528178000.0
2010-06-08,'002242,九阳股份,12.04,12.04,11.39,11.4,11.47,0.57,4.9695,3.5912,6857376,81013022.37,9161838000.0,2299038000.0
2010-06-07,'002242,九阳股份,11.47,11.53,11.2,11.31,11.6,-0.13,-1.1207,1.2495,2385929,27144574.05,8728096500.0,2190196500.0
2010-06-04,'002242,九阳股份,11.6,11.65,11.3,11.36,11.37,0.23,2.0229,1.4884,2842068,32682474.89,8827020000.0,2215020000.0
2010-06-03,'002242,九阳股份,11.37,11.67,11.36,11.49,11.42,-0.05,-0.4378,1.5593,2977428,34284707.87,8652001500.0,2171101500.0
2010-06-02,'002242,九阳股份,11.42,11.44,11.1,11.3,11.36,0.06,0.5282,1.2262,2341483,26285903.09,8690049000.0,2180649000.0
2010-06-01,'002242,九阳股份,11.36,11.6,11.22,11.5,11.62,-0.26,-2.2375,1.3286,2536888,28817990.17,8644392000.0,2169192000.0
2010-05-31,'002242,九阳股份,11.62,12.18,11.6,12.1,12.16,-0.54,-4.4408,1.583,3022825,35949661.83,8842239000.0,2218839000.0
2010-05-28,'002242,九阳股份,12.16,12.44,12.09,12.39,12.33,-0.17,-1.3788,1.9618,3746073,45832044.25,9253152000.0,2321952000.0
2010-05-27,'002242,九阳股份,12.33,12.34,11.86,12.24,12.22,0.11,0.9002,2.3187,4427563,53749377.45,9382513500.0,2354413500.0
2010-05-26,'002242,九阳股份,12.22,12.34,12.18,12.21,12.28,-0.06,-0.4886,1.6195,3092410,37874609.64,9298809000.0,2333409000.0
2010-05-25,'002242,九阳股份,12.28,12.5,12.24,12.5,12.51,-0.23,-1.8385,2.0507,3915764,48321642.39,9344466000.0,2344866000.0
2010-05-24,'002242,九阳股份,12.51,12.65,11.85,11.95,11.96,0.55,4.5987,3.4278,6545471,81358492.99,9519484500.0,2388784500.0
2010-05-21,'002242,九阳股份,11.96,11.99,11.4,11.53,11.87,0.09,0.7582,1.9108,3648693,42998943.26,9100962000.0,2283762000.0
2010-05-20,'002242,九阳股份,11.87,12.05,11.35,11.5,11.57,0.3,2.5929,2.4083,4598573,54145621.8,9032476500.0,2266576500.0
2010-05-19,'002242,九阳股份,11.57,11.84,11.34,11.58,11.73,-0.16,-1.364,1.6322,3116617,36240501.53,8804191500.0,2209291500.0
2010-05-18,'002242,九阳股份,11.73,11.94,11.08,11.65,11.67,0.06,0.5141,2.3778,4540401,52083713.52,8925943500.0,2239843500.0
2010-05-17,'002242,九阳股份,11.67,12.8,11.67,12.7,12.97,-1.3,-10.0231,2.2755,4345132,53227898.44,8880286500.0,2228386500.0
2010-05-14,'002242,九阳股份,12.97,13.21,12.38,12.7,12.77,0.2,1.5662,2.5434,4856638,62468769.79,9869521500.0,2476621500.0
2010-05-13,'002242,九阳股份,12.77,12.77,12.38,12.6,12.6,0.17,1.3492,1.7305,3304339,41708423.72,9717331500.0,2438431500.0
2010-05-12,'002242,九阳股份,12.6,12.74,12.1,12.4,12.48,0.12,0.9615,1.8508,3534010,44080822.0,9587970000.0,2405970000.0
2010-05-11,'002242,九阳股份,12.48,13.25,12.36,13.01,12.92,-0.44,-3.4056,2.2371,4271699,55052673.18,9496656000.0,2383056000.0
2010-05-10,'002242,九阳股份,12.92,13.31,12.23,13.12,13.25,-0.33,-2.4906,2.948,5629275,72047628.66,9831474000.0,2467074000.0
2010-05-07,'002242,九阳股份,13.25,13.88,13.1,13.5,13.99,-0.74,-5.2895,3.4185,6527678,87480490.73,10082587500.0,2530087500.0
2010-05-06,'002242,九阳股份,13.99,15.41,13.98,15.41,15.4,-1.41,-9.1558,4.0936,7816655,113833239.92,10645690500.0,2671390500.0
2010-05-05,'002242,九阳股份,15.4,16.0,15.11,16.0,16.79,-1.39,-8.2787,3.6456,6961323,106687665.09,11718630000.0,2940630000.0
2010-05-04,'002242,九阳股份,25.89,27.14,25.7,26.25,26.46,-0.57,-2.1542,2.8719,3655966,95972661.59,13133997000.0,3295797000.0
2010-04-30,'002242,九阳股份,26.46,26.59,25.5,26.19,26.12,0.34,1.3017,2.5204,3208443,83610826.95,13423158000.0,3368358000.0
2010-04-29,'002242,九阳股份,26.12,27.46,25.31,27.46,27.79,-1.67,-6.0094,4.7773,6081512,161169270.74,13250676000.0,3325076000.0
2010-04-28,'002242,九阳股份,27.79,28.18,25.55,25.55,25.88,1.91,7.3802,5.5943,7121499,195124589.49,14097867000.0,3537667000.0
2010-04-27,'002242,九阳股份,25.88,26.78,25.5,26.78,26.9,-1.02,-3.7918,2.1323,2714428,70409877.45,13128924000.0,3294524000.0
2010-04-26,'002242,九阳股份,26.9,27.49,26.85,27.3,27.27,-0.37,-1.3568,1.7831,2269900,61297433.57,13646370000.0,3424370000.0
2010-04-23,'002242,九阳股份,27.27,27.76,26.99,27.27,27.17,0.1,0.3681,2.2611,2878378,78807790.09,13834071000.0,3471471000.0
2010-04-22,'002242,九阳股份,0.0,0.0,0.0,0.0,27.17,None,None,0.0,0,0.0,13783341000.0,3458741000.0
2010-04-21,'002242,九阳股份,27.17,27.38,26.41,26.41,26.39,0.78,2.9557,2.6153,3329279,90196613.03,13783341000.0,3458741000.0
2010-04-20,'002242,九阳股份,26.39,26.58,25.8,26.21,26.15,0.24,0.9178,1.8943,2411396,63206659.19,13387647000.0,3359447000.0
2010-04-19,'002242,九阳股份,26.15,27.59,25.6,27.59,27.75,-1.6,-5.7658,3.8318,4877906,130972578.21,13265895000.0,3328895000.0
2010-04-16,'002242,九阳股份,27.75,27.8,27.22,27.65,27.63,0.12,0.4343,1.6342,2080330,57241519.25,14077575000.0,3532575000.0
2010-04-15,'002242,九阳股份,27.63,28.14,27.51,28.14,28.08,-0.45,-1.6026,2.7059,3444615,95433833.05,14016699000.0,3517299000.0
2010-04-14,'002242,九阳股份,28.08,28.3,27.8,27.99,27.99,0.09,0.3215,2.0086,2556919,71781249.14,14244984000.0,3574584000.0
2010-04-13,'002242,九阳股份,27.99,28.9,27.5,28.9,28.9,-0.91,-3.1488,4.7721,6074918,170879857.97,14199327000.0,3563127000.0
2010-04-12,'002242,九阳股份,28.9,29.3,28.65,28.8,28.8,0.1,0.3472,5.015,6384038,184901936.53,14660970000.0,3678970000.0
2010-04-09,'002242,九阳股份,28.8,29.29,27.7,27.7,27.49,1.31,4.7654,7.6993,9801146,280445648.89,14610240000.0,3666240000.0
2010-04-08,'002242,九阳股份,27.49,27.71,27.11,27.35,27.36,0.13,0.4751,3.2581,4147563,113951536.22,13945677000.0,3499477000.0
2010-04-07,'002242,九阳股份,27.36,27.37,26.96,27.25,27.27,0.09,0.33,2.4594,3130799,85073005.51,13879728000.0,3482928000.0
2010-04-06,'002242,九阳股份,27.27,27.77,27.21,27.54,27.6,-0.33,-1.1957,2.7167,3458324,94690542.79,13834071000.0,3471471000.0
2010-04-02,'002242,九阳股份,27.6,27.79,27.31,27.61,27.6,0.0,0.0,2.3969,3051239,83865167.16,14001480000.0,3513480000.0
2010-04-01,'002242,九阳股份,27.6,27.78,27.2,27.28,27.31,0.29,1.0619,3.2165,4094663,113057125.34,14001480000.0,3513480000.0
2010-03-31,'002242,九阳股份,27.31,27.44,27.2,27.23,27.2,0.11,0.4044,2.32,2953360,80666598.22,13854363000.0,3476563000.0
2010-03-30,'002242,九阳股份,27.2,27.45,26.9,26.95,27.1,0.1,0.369,2.7641,3518645,95780823.76,13798560000.0,3462560000.0
2010-03-29,'002242,九阳股份,27.1,27.88,26.96,27.45,26.78,0.32,1.1949,6.4093,8159033,223063523.13,13747830000.0,3449830000.0
2010-03-26,'002242,九阳股份,26.78,26.9,26.02,26.09,26.23,0.55,2.0968,2.9627,3771517,99628926.14,13585494000.0,3409094000.0
2010-03-25,'002242,九阳股份,26.23,26.52,25.96,26.32,26.27,-0.04,-0.1523,2.4002,3055453,80216099.55,13306479000.0,3339079000.0
2010-03-24,'002242,九阳股份,26.27,26.37,25.66,25.66,25.65,0.62,2.4172,2.7075,3446667,89992126.69,13326771000.0,3344171000.0
2010-03-23,'002242,九阳股份,25.65,25.96,25.51,25.79,25.78,-0.13,-0.5043,1.5954,2030916,52379281.01,13012245000.0,3265245000.0
2010-03-22,'002242,九阳股份,25.78,25.8,25.43,25.55,25.44,0.34,1.3365,1.5556,1980323,50759895.04,13078194000.0,3281794000.0
2010-03-19,'002242,九阳股份,25.44,25.48,25.17,25.37,25.37,0.07,0.2759,1.174,1494506,37822359.9,12905712000.0,3238512000.0
2010-03-18,'002242,九阳股份,25.37,25.58,25.31,25.47,25.44,-0.07,-0.2752,1.2281,1563423,39743297.2,12870201000.0,3229601000.0
2010-03-17,'002242,九阳股份,25.44,25.48,24.95,25.13,25.08,0.36,1.4354,1.3809,1757896,44379741.01,12905712000.0,3238512000.0
2010-03-16,'002242,九阳股份,25.08,25.1,24.7,24.93,24.92,0.16,0.6421,1.5219,1937401,48130608.18,12723084000.0,3192684000.0
2010-03-15,'002242,九阳股份,24.92,25.55,24.85,25.51,25.59,-0.67,-2.6182,1.7058,2171540,54509559.87,12641916000.0,3172316000.0
2010-03-12,'002242,九阳股份,25.59,25.98,25.57,25.9,25.93,-0.34,-1.3112,1.2777,1626483,41866869.46,12981807000.0,3257607000.0
2010-03-11,'002242,九阳股份,25.93,26.0,25.61,25.8,25.9,0.03,0.1158,1.0905,1388260,35815686.74,13154289000.0,3300889000.0
2010-03-10,'002242,九阳股份,25.9,26.12,25.67,25.97,25.87,0.03,0.116,1.1157,1420224,36748243.11,13139070000.0,3297070000.0
2010-03-09,'002242,九阳股份,25.87,26.06,25.61,26.06,26.08,-0.21,-0.8052,1.6046,2042706,52761367.06,13123851000.0,3293251000.0
2010-03-08,'002242,九阳股份,26.08,26.25,25.8,25.99,25.9,0.18,0.695,1.6266,2070600,53956106.64,13230384000.0,3319984000.0
2010-03-05,'002242,九阳股份,25.9,26.25,25.79,26.05,26.13,-0.23,-0.8802,2.176,2770044,72013374.1,13139070000.0,3297070000.0
2010-03-04,'002242,九阳股份,26.13,27.25,25.88,27.02,27.07,-0.94,-3.4725,2.6964,3432559,91546426.95,13255749000.0,3326349000.0
2010-03-03,'002242,九阳股份,27.07,27.1,26.48,26.61,26.61,0.46,1.7287,2.1998,2800288,75103808.69,13732611000.0,3446011000.0
2010-03-02,'002242,九阳股份,26.61,27.1,26.52,26.76,26.72,-0.11,-0.4117,1.9635,2499507,66834142.01,13499253000.0,3387453000.0
2010-03-01,'002242,九阳股份,26.72,26.8,26.47,26.61,26.64,0.08,0.3003,2.5674,3268311,87045773.53,13555056000.0,3401456000.0
2010-02-26,'002242,九阳股份,26.64,26.86,26.52,26.79,26.84,-0.2,-0.7452,1.3668,1739877,46453025.72,13514472000.0,3391272000.0
2010-02-25,'002242,九阳股份,26.84,26.95,26.52,26.63,26.5,0.34,1.283,1.8283,2327463,62439122.08,13615932000.0,3416732000.0
2010-02-24,'002242,九阳股份,26.5,26.5,25.7,25.99,26.08,0.42,1.6104,1.2967,1650761,43296952.18,13443450000.0,3373450000.0
2010-02-23,'002242,九阳股份,26.08,26.1,25.56,25.97,25.98,0.1,0.3849,0.9879,1257556,32460619.64,13230384000.0,3319984000.0
2010-02-22,'002242,九阳股份,25.98,26.18,25.88,26.07,26.22,-0.24,-0.9153,0.759,966265,25148656.06,13179654000.0,3307254000.0
2010-02-12,'002242,九阳股份,26.22,26.3,25.91,25.91,25.85,0.37,1.4313,0.6328,805545,21074782.05,13301406000.0,3337806000.0
2010-02-11,'002242,九阳股份,25.85,25.97,25.72,25.9,25.87,-0.02,-0.0773,0.6192,788294,20395232.59,13113705000.0,3290705000.0
2010-02-10,'002242,九阳股份,25.87,25.88,25.55,25.6,25.5,0.37,1.451,0.7032,895125,23039643.54,13123851000.0,3293251000.0
2010-02-09,'002242,九阳股份,25.5,25.62,25.25,25.4,25.42,0.08,0.3147,0.8227,1047318,26660221.75,12936150000.0,3246150000.0
2010-02-08,'002242,九阳股份,25.42,25.86,25.28,25.86,25.72,-0.3,-1.1664,1.0042,1278370,32537754.35,12895566000.0,3235966000.0
2010-02-05,'002242,九阳股份,25.72,26.35,25.58,26.35,26.54,-0.82,-3.0897,1.5652,1992515,51539418.8,13047756000.0,3274156000.0
2010-02-04,'002242,九阳股份,26.54,26.8,26.4,26.75,26.74,-0.2,-0.7479,1.0906,1388343,36929209.3,13463742000.0,3378542000.0
2010-02-03,'002242,九阳股份,26.74,26.8,25.78,26.51,26.51,0.23,0.8676,1.4155,1801919,47416935.48,13565202000.0,3404002000.0
2010-02-02,'002242,九阳股份,26.51,26.78,26.31,26.31,26.42,0.09,0.3407,1.3168,1676285,44678436.7,13448523000.0,3374723000.0
2010-02-01,'002242,九阳股份,26.42,26.53,25.7,26.53,26.56,-0.14,-0.5271,1.54,1960389,51007680.15,13402866000.0,3363266000.0
2010-01-29,'002242,九阳股份,26.56,26.93,26.01,26.18,26.28,0.28,1.0654,1.7151,2183287,58163676.63,13473888000.0,3381088000.0
2010-01-28,'002242,九阳股份,26.28,26.47,25.83,26.0,25.89,0.39,1.5064,1.6493,2099591,55110143.85,13331844000.0,3345444000.0
2010-01-27,'002242,九阳股份,25.89,26.49,25.87,26.26,26.21,-0.32,-1.2209,1.662,2115781,55084973.29,13133997000.0,3295797000.0
2010-01-26,'002242,九阳股份,26.21,27.16,26.12,26.91,26.91,-0.7,-2.6013,1.58,2011376,53557362.06,13296333000.0,3336533000.0
2010-01-25,'002242,九阳股份,26.91,27.34,26.87,27.09,27.13,-0.22,-0.8109,1.3904,1769916,47833095.25,13651443000.0,3425643000.0
2010-01-22,'002242,九阳股份,27.13,27.84,26.7,27.78,28.05,-0.92,-3.2799,2.8401,3615500,98291535.14,13763049000.0,3453649000.0
2010-01-21,'002242,九阳股份,28.05,28.29,27.8,27.83,27.82,0.23,0.8267,2.2754,2896565,81107615.13,14229765000.0,3570765000.0
2010-01-20,'002242,九阳股份,27.82,29.15,27.8,29.13,29.05,-1.23,-4.2341,3.7666,4794919,135833262.86,14113086000.0,3541486000.0
2010-01-19,'002242,九阳股份,29.05,29.55,28.99,29.48,29.45,-0.4,-1.3582,3.2054,4080497,119011992.2,14737065000.0,3698065000.0
2010-01-18,'002242,九阳股份,29.45,29.47,28.68,28.84,28.82,0.63,2.186,4.1995,5345948,155216017.23,14939985000.0,3748985000.0
2010-01-15,'002242,九阳股份,28.82,29.49,28.6,29.05,29.01,-0.19,-0.6549,4.4925,5719005,165715415.39,14620386000.0,3668786000.0
2010-01-14,'002242,九阳股份,29.01,29.29,28.37,28.59,28.54,0.47,1.6468,4.8812,6213745,179413238.17,14716773000.0,3692973000.0
2010-01-13,'002242,九阳股份,28.54,28.67,27.61,27.7,28.22,0.32,1.1339,4.7673,6068727,171875459.76,14478342000.0,3633142000.0
2010-01-12,'002242,九阳股份,28.22,28.24,27.3,27.3,27.39,0.83,3.0303,2.9317,3732117,103945261.73,14316006000.0,3592406000.0
2010-01-11,'002242,九阳股份,27.39,27.94,27.35,27.8,27.62,-0.23,-0.8327,2.3925,3045670,83669761.93,13894947000.0,3486747000.0
2010-01-08,'002242,九阳股份,27.62,27.65,27.16,27.54,27.55,0.07,0.2541,2.1823,2778056,76050012.89,14011626000.0,3516026000.0
2010-01-07,'002242,九阳股份,27.55,28.52,27.52,28.5,28.59,-1.04,-3.6376,3.9716,5055877,141406263.21,13976115000.0,3507115000.0
2010-01-06,'002242,九阳股份,28.59,28.88,28.26,28.4,28.4,0.19,0.669,3.0458,3877338,111017336.46,14503707000.0,3639507000.0
2010-01-05,'002242,九阳股份,28.4,28.85,28.24,28.66,28.66,-0.26,-0.9072,4.4116,5615975,159294256.76,14407320000.0,3615320000.0
2010-01-04,'002242,九阳股份,28.66,29.0,28.4,28.95,28.72,-0.06,-0.2089,2.8071,3573478,102359571.67,14539218000.0,3648418000.0
2009-12-31,'002242,九阳股份,28.72,28.77,28.12,28.12,28.2,0.52,1.844,2.9703,3781154,107758305.48,14569656000.0,3656056000.0
2009-12-30,'002242,九阳股份,28.2,28.82,27.94,28.68,28.66,-0.46,-1.605,4.43,5639411,159338891.57,14305860000.0,3589860000.0
2009-12-29,'002242,九阳股份,28.66,28.66,28.2,28.55,28.55,0.11,0.3853,2.014,2563763,72909225.67,14539218000.0,3648418000.0
2009-12-28,'002242,九阳股份,28.55,28.67,27.94,27.94,27.91,0.64,2.2931,2.386,3037329,86021963.8,14483415000.0,3634415000.0
2009-12-25,'002242,九阳股份,27.91,28.15,27.8,28.15,28.03,-0.12,-0.4281,1.8275,2326391,65000165.91,14158743000.0,3552943000.0
2009-12-24,'002242,九阳股份,28.03,28.08,27.15,27.37,27.28,0.75,2.7493,3.0638,3900246,108059467.03,14219619000.0,3568219000.0
2009-12-23,'002242,九阳股份,27.28,27.48,26.95,27.14,27.15,0.13,0.4788,2.5198,3207751,87096268.23,13839144000.0,3472744000.0
2009-12-22,'002242,九阳股份,27.15,28.65,27.1,28.62,28.52,-1.37,-4.8036,3.0476,3879563,107419994.02,13773195000.0,3456195000.0
2009-12-21,'002242,九阳股份,28.52,28.93,28.18,28.6,28.58,-0.06,-0.2099,1.4933,1901017,54170415.1,14468196000.0,3630596000.0
2009-12-18,'002242,九阳股份,28.58,28.85,27.93,28.19,28.32,0.26,0.9181,3.5032,4459541,127016639.38,14498634000.0,3638234000.0
2009-12-17,'002242,九阳股份,28.32,29.48,28.25,29.3,29.21,-0.89,-3.0469,2.6549,3379637,96831427.77,14366736000.0,3605136000.0
2009-12-16,'002242,九阳股份,29.21,29.6,29.1,29.55,29.41,-0.2,-0.68,2.3399,2978719,87280716.26,14818233000.0,3718433000.0
2009-12-15,'002242,九阳股份,29.41,29.92,29.31,29.56,29.54,-0.13,-0.4401,1.9912,2534812,74913455.09,14919693000.0,3743893000.0
2009-12-14,'002242,九阳股份,29.54,30.15,29.14,30.05,29.89,-0.35,-1.171,2.2502,2864562,84268736.15,14985642000.0,3760442000.0
2009-12-11,'002242,九阳股份,29.89,30.38,29.82,29.9,29.88,0.01,0.0335,2.6528,3377026,101502002.85,15163197000.0,3804997000.0
2009-12-10,'002242,九阳股份,29.88,30.49,29.5,29.5,29.28,0.6,2.0492,3.4412,4380598,131549726.96,15158124000.0,3803724000.0
2009-12-09,'002242,九阳股份,29.28,29.86,29.15,29.66,29.89,-0.61,-2.0408,2.6698,3398662,100269062.74,14853744000.0,3727344000.0
2009-12-08,'002242,九阳股份,29.89,30.4,29.5,30.4,30.38,-0.49,-1.6129,3.2333,4115968,123092211.69,15163197000.0,3804997000.0
2009-12-07,'002242,九阳股份,30.38,30.39,29.15,29.68,29.56,0.82,2.774,5.8652,7466458,220569506.6,15411774000.0,3867374000.0
2009-12-04,'002242,九阳股份,29.56,30.79,29.15,30.41,30.52,-0.96,-3.1455,5.3028,6750490,201888967.86,14995788000.0,3762988000.0
2009-12-03,'002242,九阳股份,30.52,30.89,30.13,30.82,30.79,-0.27,-0.8769,4.4847,5708966,173718932.1,15482796000.0,3885196000.0
2009-12-02,'002242,九阳股份,30.79,31.13,30.25,30.35,30.3,0.49,1.6172,5.9196,7535629,230736029.99,15619767000.0,3919567000.0
2009-12-01,'002242,九阳股份,30.3,30.6,29.74,29.95,30.05,0.25,0.8319,4.6908,5971388,179727436.16,15371190000.0,3857190000.0
2009-11-30,'002242,九阳股份,30.05,30.19,29.0,29.0,28.88,1.17,4.0512,4.5599,5804786,172176103.64,15244365000.0,3825365000.0
2009-11-27,'002242,九阳股份,28.88,29.48,28.31,28.6,28.92,-0.04,-0.1383,4.9057,6244963,180451739.25,14650824000.0,3676424000.0
2009-11-26,'002242,九阳股份,28.92,30.93,28.88,30.93,30.95,-2.03,-6.559,7.6385,9723860,289738742.36,14671116000.0,3681516000.0
2009-11-25,'002242,九阳股份,30.95,31.18,29.52,29.98,30.15,0.8,2.6534,6.5577,8347995,254298306.66,15700935000.0,3939935000.0
2009-11-24,'002242,九阳股份,30.15,32.79,29.88,32.65,32.29,-2.14,-6.6274,8.6906,11063115,347787720.15,15295095000.0,3838095000.0
2009-11-23,'002242,九阳股份,32.29,33.21,32.05,32.05,31.97,0.32,1.0009,6.3142,8037989,261523693.62,16380717000.0,4110517000.0
2009-11-20,'002242,九阳股份,31.97,32.58,31.1,31.7,31.7,0.27,0.8517,6.8598,8732560,278291558.73,16218381000.0,4069781000.0
2009-11-19,'002242,九阳股份,31.7,32.29,31.2,31.89,31.9,-0.2,-0.627,5.8416,7436406,235277959.03,16081410000.0,4035410000.0
2009-11-18,'002242,九阳股份,31.9,32.59,31.61,32.0,32.26,-0.36,-1.1159,5.5283,7037537,225705763.48,16182870000.0,4060870000.0
2009-11-17,'002242,九阳股份,32.26,32.49,31.02,31.78,31.77,0.49,1.5423,9.8804,12577793,399365736.46,16365498000.0,4106698000.0
2009-11-16,'002242,九阳股份,31.77,33.15,31.6,32.06,31.58,0.19,0.6016,18.814,23950251,775726869.34,16116921000.0,4044321000.0
2009-11-13,'002242,九阳股份,31.58,31.58,28.85,29.2,29.25,2.33,7.9658,18.2902,23283423,714348629.42,16020534000.0,4020134000.0
2009-11-12,'002242,九阳股份,29.25,29.88,27.96,28.1,27.9,1.35,4.8387,13.2498,16866986,492305762.5,14838525000.0,3723525000.0
2009-11-11,'002242,九阳股份,27.9,28.38,27.78,28.38,28.32,-0.42,-1.4831,3.015,3838152,107447405.13,14153670000.0,3551670000.0
2009-11-10,'002242,九阳股份,28.32,28.5,27.98,28.31,28.16,0.16,0.5682,3.8678,4923660,139085287.91,14366736000.0,3605136000.0
2009-11-09,'002242,九阳股份,28.16,28.5,27.72,28.5,28.66,-0.5,-1.7446,5.385,6855147,192672934.11,14285568000.0,3584768000.0
2009-11-06,'002242,九阳股份,28.66,29.26,28.51,28.69,28.44,0.22,0.7736,8.9532,11397447,328892063.11,14539218000.0,3648418000.0
2009-11-05,'002242,九阳股份,28.44,28.46,27.65,27.76,27.66,0.78,2.82,8.4379,10741403,302341622.24,14427612000.0,3620412000.0
2009-11-04,'002242,九阳股份,27.66,27.88,27.48,27.8,27.9,-0.24,-0.8602,4.4563,5672884,156945850.81,14031918000.0,3521118000.0
2009-11-03,'002242,九阳股份,27.9,28.2,27.11,27.3,27.26,0.64,2.3478,6.9545,8853101,244355798.86,14153670000.0,3551670000.0
2009-11-02,'002242,九阳股份,27.26,27.26,25.99,26.5,26.53,0.73,2.7516,3.2267,4107563,110082336.07,13828998000.0,3470198000.0
2009-10-30,'002242,九阳股份,26.53,26.88,26.47,26.5,26.3,0.23,0.8745,2.6255,3342289,89137797.23,13458669000.0,3377269000.0
2009-10-29,'002242,九阳股份,26.3,26.88,25.88,26.86,27.28,-0.98,-3.5924,3.6951,4703812,124242913.84,13341990000.0,3347990000.0
2009-10-28,'002242,九阳股份,27.28,27.35,26.49,26.99,27.59,-0.31,-1.1236,5.603,7132555,191948663.38,13839144000.0,3472744000.0
2009-10-27,'002242,九阳股份,27.59,28.6,27.55,28.6,28.87,-1.28,-4.4337,4.3395,5524232,154601554.63,13996407000.0,3512207000.0
2009-10-26,'002242,九阳股份,28.87,29.3,28.6,29.0,28.69,0.18,0.6274,5.0307,6404143,185107860.47,14645751000.0,3675151000.0
2009-10-23,'002242,九阳股份,28.69,28.98,28.35,28.38,28.37,0.32,1.128,4.5468,5788099,166112763.95,14554437000.0,3652237000.0
2009-10-22,'002242,九阳股份,28.37,28.67,27.72,27.72,27.7,0.67,2.4188,3.7078,4719977,133826143.66,14392101000.0,3611501000.0
2009-10-21,'002242,九阳股份,27.7,28.34,27.7,28.34,28.27,-0.57,-2.0163,2.7784,3536868,98960709.61,14052210000.0,3526210000.0
2009-10-20,'002242,九阳股份,28.27,28.36,27.5,27.6,27.56,0.71,2.5762,4.2251,5378570,150487124.52,14341371000.0,3598771000.0
2009-10-19,'002242,九阳股份,27.56,27.75,26.89,27.07,27.07,0.49,1.8101,3.1109,3960147,108012259.02,13981188000.0,3508388000.0
2009-10-16,'002242,九阳股份,27.07,27.78,26.78,27.45,27.43,-0.36,-1.3124,1.7623,2243352,61071887.68,13732611000.0,3446011000.0
2009-10-15,'002242,九阳股份,27.43,27.82,27.27,27.57,27.41,0.02,0.073,1.7999,2291306,63089468.81,13915239000.0,3491839000.0
2009-10-14,'002242,九阳股份,27.41,27.85,27.25,27.57,27.4,0.01,0.0365,2.2223,2829045,77882400.67,13905093000.0,3489293000.0
2009-10-13,'002242,九阳股份,27.4,27.61,27.06,27.28,27.28,0.12,0.4399,1.6364,2083133,56879734.85,13900020000.0,3488020000.0
2009-10-12,'002242,九阳股份,27.28,27.9,26.3,26.63,26.4,0.88,3.3333,3.1576,4019685,109695953.66,13839144000.0,3472744000.0
2009-10-09,'002242,九阳股份,26.4,26.46,25.61,25.8,25.33,1.07,4.2242,1.7979,2288740,59854041.27,13392720000.0,3360720000.0
2009-09-30,'002242,九阳股份,25.33,26.0,25.22,25.66,25.45,-0.12,-0.4715,1.8058,2298824,58758075.39,12849909000.0,3224509000.0
2009-09-29,'002242,九阳股份,25.45,26.07,25.0,25.84,25.81,-0.36,-1.3948,1.4651,1865102,47674125.46,12910785000.0,3239785000.0
2009-09-28,'002242,九阳股份,25.81,26.45,25.76,26.23,26.0,-0.19,-0.7308,1.7648,2246570,58754846.02,13093413000.0,3285613000.0
2009-09-25,'002242,九阳股份,26.0,26.4,25.6,26.38,26.38,-0.38,-1.4405,2.1362,2719339,70744404.54,13189800000.0,3309800000.0
2009-09-24,'002242,九阳股份,26.38,27.43,25.88,27.43,27.43,-1.05,-3.8279,3.0421,3872597,103351032.39,13382574000.0,3358174000.0
2009-09-23,'002242,九阳股份,27.43,28.4,27.2,27.9,28.1,-0.67,-2.3843,3.4362,4374249,121615098.99,13915239000.0,3491839000.0
2009-09-22,'002242,九阳股份,28.1,29.0,27.57,27.8,27.68,0.42,1.5173,5.6047,7134765,203058459.2,14255130000.0,3577130000.0
2009-09-21,'002242,九阳股份,27.68,27.8,26.51,27.11,27.65,0.03,0.1085,3.3373,4248361,115240521.22,14042064000.0,3523664000.0
2009-09-18,'002242,九阳股份,27.65,29.3,27.1,28.41,27.85,-0.2,-0.7181,6.8817,8760436,248587142.14,14026845000.0,3519845000.0
2009-09-17,'002242,九阳股份,27.85,28.19,27.16,27.2,27.21,0.64,2.3521,3.2679,4159998,116093839.53,14128305000.0,3545305000.0
2009-09-16,'002242,九阳股份,27.21,27.86,27.03,27.81,27.93,-0.72,-2.5779,3.2093,4085386,111696481.76,13803633000.0,3463833000.0
2009-09-15,'002242,九阳股份,27.93,28.26,27.3,27.82,27.61,0.32,1.159,3.2775,4172242,115982597.19,14168889000.0,3555489000.0
2009-09-14,'002242,九阳股份,27.61,27.97,26.88,27.11,26.87,0.74,2.754,3.6461,4641462,127761470.42,14006553000.0,3514753000.0
2009-09-11,'002242,九阳股份,26.87,27.2,26.6,26.77,26.84,0.03,0.1118,2.4028,3058806,82249935.52,13631151000.0,3420551000.0
2009-09-10,'002242,九阳股份,26.84,27.5,26.15,26.49,26.5,0.34,1.283,4.4339,5644296,152277109.85,13615932000.0,3416732000.0
2009-09-09,'002242,九阳股份,26.5,26.58,26.1,26.5,26.42,0.08,0.3028,2.233,2842632,74811522.81,13443450000.0,3373450000.0
2009-09-08,'002242,九阳股份,26.42,26.56,25.9,26.11,26.36,0.06,0.2276,2.5326,3223954,84791290.19,13402866000.0,3363266000.0
2009-09-07,'002242,九阳股份,26.36,26.9,26.03,26.26,26.25,0.11,0.419,3.5515,4521060,119743625.57,13372428000.0,3355628000.0
2009-09-04,'002242,九阳股份,26.25,26.58,26.01,26.44,26.56,-0.31,-1.1672,3.233,4115563,107990441.11,13316625000.0,3341625000.0
2009-09-03,'002242,九阳股份,26.56,26.71,25.48,25.77,25.89,0.67,2.5879,4.6523,5922382,155306795.86,13473888000.0,3381088000.0
2009-09-02,'002242,九阳股份,25.89,26.22,25.33,25.33,25.05,0.84,3.3533,4.4478,5662089,145854761.26,13133997000.0,3295797000.0
2009-09-01,'002242,九阳股份,25.05,25.42,24.05,24.05,24.56,0.49,1.9951,2.9903,3806667,95274513.4,12707865000.0,3188865000.0
2009-08-31,'002242,九阳股份,24.56,25.5,23.87,25.05,25.4,-0.84,-3.3071,2.4934,3174156,78920720.06,12459288000.0,3126488000.0
2009-08-28,'002242,九阳股份,25.4,26.12,24.8,25.8,25.89,-0.49,-1.8926,2.5786,3282599,83190103.81,12885420000.0,3233420000.0
2009-08-27,'002242,九阳股份,25.89,26.28,25.6,25.97,26.0,-0.11,-0.4231,2.9641,3773301,97846043.5,13133997000.0,3295797000.0
2009-08-26,'002242,九阳股份,26.0,26.31,24.7,24.99,25.54,0.46,1.8011,3.788,4822089,123729126.85,13189800000.0,3309800000.0
2009-08-25,'002242,九阳股份,0.0,0.0,0.0,0.0,25.54,None,None,0.0,0,0.0,12956442000.0,3251242000.0
2009-08-24,'002242,九阳股份,25.54,25.6,24.86,25.15,25.28,0.26,1.0285,3.303,4204713,106497461.53,12956442000.0,3251242000.0
2009-08-21,'002242,九阳股份,25.28,25.29,24.21,24.56,24.52,0.76,3.0995,2.867,3649664,90430047.44,12824544000.0,3218144000.0
2009-08-20,'002242,九阳股份,24.52,24.6,23.88,23.91,23.88,0.64,2.6801,2.5231,3211937,77831456.0,12438996000.0,3121396000.0
2009-08-19,'002242,九阳股份,23.88,25.6,23.68,25.5,25.35,-1.47,-5.7988,2.267,2885900,71123502.97,12114324000.0,3039924000.0
2009-08-18,'002242,九阳股份,25.35,25.48,24.65,24.8,25.06,0.29,1.1572,2.0159,2566186,64497677.5,12860055000.0,3227055000.0
2009-08-17,'002242,九阳股份,25.06,25.99,25.04,25.99,26.16,-1.1,-4.2049,2.8053,3571137,91003532.18,12712938000.0,3190138000.0
2009-08-14,'002242,九阳股份,26.16,27.45,26.1,27.27,27.15,-0.99,-3.6464,2.5845,3290094,87358109.35,13270968000.0,3330168000.0
2009-08-13,'002242,九阳股份,27.15,27.58,26.8,27.1,27.08,0.07,0.2585,2.2149,2819587,76644731.47,13773195000.0,3456195000.0
2009-08-12,'002242,九阳股份,27.08,28.8,26.98,28.75,28.79,-1.71,-5.9396,2.8946,3684864,102047169.16,13737684000.0,3447284000.0
2009-08-11,'002242,九阳股份,28.79,28.95,28.18,28.5,28.33,0.46,1.6237,2.0098,2558502,73121348.19,14605167000.0,3664967000.0
2009-08-10,'002242,九阳股份,28.33,29.4,27.8,29.06,28.94,-0.61,-2.1078,4.1611,5297085,150844844.48,14371809000.0,3606409000.0
2009-08-07,'002242,九阳股份,28.94,30.59,28.58,30.12,30.23,-1.29,-4.2673,3.9624,5044084,149300180.39,14681262000.0,3684062000.0
2009-08-06,'002242,九阳股份,30.23,30.99,29.5,30.4,30.69,-0.46,-1.4989,5.5884,7113996,213829558.07,15335679000.0,3848279000.0
2009-08-05,'002242,九阳股份,30.69,31.77,29.8,29.8,29.4,1.29,4.3878,11.0088,14014228,430952197.97,15569037000.0,3906837000.0
2009-08-04,'002242,九阳股份,29.4,29.49,28.61,29.1,29.01,0.39,1.3444,3.9269,4998922,145462972.49,14914620000.0,3742620000.0
2009-08-03,'002242,九阳股份,29.01,29.5,28.85,28.87,28.82,0.19,0.6593,3.578,4554788,132502917.18,14716773000.0,3692973000.0
2009-07-31,'002242,九阳股份,28.82,28.99,27.6,27.7,27.5,1.32,4.8,3.7871,4821031,136822467.23,14620386000.0,3668786000.0
2009-07-30,'002242,九阳股份,27.5,27.9,26.62,27.5,27.5,0.0,0.0,3.166,4030321,109451809.62,13950750000.0,3500750000.0
2009-07-29,'002242,九阳股份,27.5,29.39,26.5,28.9,28.95,-1.45,-5.0086,5.2197,6644635,188924149.29,13950750000.0,3500750000.0
2009-07-28,'002242,九阳股份,28.95,28.97,28.35,28.67,28.64,0.31,1.0824,3.856,4908664,141030282.64,14686335000.0,3685335000.0
2009-07-27,'002242,九阳股份,28.64,28.93,28.0,28.2,28.21,0.43,1.5243,3.5468,4515120,128924066.0,14529072000.0,3645872000.0
2009-07-24,'002242,九阳股份,28.21,29.06,27.81,28.61,28.56,-0.35,-1.2255,3.5249,4487211,127663564.32,14310933000.0,3591133000.0
2009-07-23,'002242,九阳股份,28.56,29.07,28.3,28.8,28.79,-0.23,-0.7989,3.2292,4110710,117360999.51,14488488000.0,3635688000.0
2009-07-22,'002242,九阳股份,28.79,29.1,28.45,28.5,28.93,-0.14,-0.4839,4.8153,6129853,175942012.6,14605167000.0,3664967000.0
2009-07-21,'002242,九阳股份,28.93,30.33,28.8,30.15,30.14,-1.21,-4.0146,5.44,6925117,204331344.62,14676189000.0,3682789000.0
2009-07-20,'002242,九阳股份,30.14,30.53,29.88,30.3,30.13,0.01,0.0332,5.1523,6558921,197473921.74,15290022000.0,3836822000.0
2009-07-17,'002242,九阳股份,30.13,30.58,29.12,29.58,29.6,0.53,1.7905,6.2302,7931081,236428318.32,15284949000.0,3835549000.0
2009-07-16,'002242,九阳股份,29.6,30.48,29.07,29.18,29.15,0.45,1.5437,7.8792,10030263,299950978.13,15016080000.0,3768080000.0
2009-07-15,'002242,九阳股份,29.15,29.65,29.03,29.42,29.37,-0.22,-0.7491,5.2288,6656305,194998806.46,14787795000.0,3710795000.0
2009-07-14,'002242,九阳股份,29.37,29.49,29.02,29.47,29.2,0.17,0.5822,3.7548,4779822,139679927.81,14899401000.0,3738801000.0
2009-07-13,'002242,九阳股份,29.2,29.8,28.91,29.33,29.36,-0.16,-0.545,4.6775,5954486,174959275.87,14813160000.0,3717160000.0
2009-07-10,'002242,九阳股份,29.36,29.89,29.2,29.8,29.84,-0.48,-1.6086,5.6449,7186018,211649259.35,14894328000.0,3737528000.0
2009-07-09,'002242,九阳股份,29.84,29.97,27.99,28.25,28.0,1.84,6.5714,6.7153,8548513,247325219.45,15137832000.0,3798632000.0
2009-07-08,'002242,九阳股份,28.0,28.49,27.6,27.95,27.65,0.35,1.2658,5.2256,6652227,186089055.07,14204400000.0,3564400000.0
2009-07-07,'002242,九阳股份,27.65,28.28,26.3,26.55,26.45,1.2,4.5369,6.5669,8359716,231088980.81,14026845000.0,3519845000.0
2009-07-06,'002242,九阳股份,26.45,26.49,26.01,26.03,26.12,0.33,1.2634,2.7049,3443369,90455179.65,13418085000.0,3367085000.0
2009-07-03,'002242,九阳股份,26.12,26.62,25.9,26.13,26.15,-0.03,-0.1147,2.6665,3394510,89037329.52,13250676000.0,3325076000.0
2009-07-02,'002242,九阳股份,26.15,26.45,25.98,26.44,26.16,-0.01,-0.0382,2.3178,2950596,77055091.09,13265895000.0,3328895000.0
2009-07-01,'002242,九阳股份,26.16,26.47,26.05,26.1,26.1,0.06,0.2299,2.1158,2693385,70676906.63,13270968000.0,3330168000.0
2009-06-30,'002242,九阳股份,26.1,26.96,26.08,26.95,26.78,-0.68,-2.5392,2.9323,3732798,98241979.97,13240530000.0,3322530000.0
2009-06-29,'002242,九阳股份,26.78,27.5,26.41,26.51,26.57,0.21,0.7904,3.2543,4142690,111834422.35,13585494000.0,3409094000.0
2009-06-26,'002242,九阳股份,26.57,27.0,26.36,26.51,26.76,-0.19,-0.71,2.4728,3147897,83801574.86,13478961000.0,3382361000.0
2009-06-25,'002242,九阳股份,26.76,27.08,25.7,25.8,25.72,1.04,4.0435,4.726,6016254,160796943.94,13575348000.0,3406548000.0
2009-06-24,'002242,九阳股份,25.72,25.88,25.55,25.62,25.57,0.15,0.5866,1.5828,2014948,51669024.72,13047756000.0,3274156000.0
2009-06-23,'002242,九阳股份,25.57,26.01,25.4,25.6,25.87,-0.3,-1.1596,1.8052,2298079,59003936.82,12971661000.0,3255061000.0
2009-06-22,'002242,九阳股份,25.87,26.48,25.86,26.31,26.22,-0.35,-1.3349,1.754,2232899,58340730.8,13123851000.0,3293251000.0
2009-06-19,'002242,九阳股份,26.22,26.48,26.02,26.16,26.11,0.11,0.4213,1.9446,2475516,64993168.74,13301406000.0,3337806000.0
2009-06-18,'002242,九阳股份,26.11,26.2,25.77,25.97,25.97,0.14,0.5391,2.6805,3412296,88814696.75,13245603000.0,3323803000.0
2009-06-17,'002242,九阳股份,25.97,26.15,25.33,25.52,25.63,0.34,1.3266,2.1683,2760269,71124610.95,13174581000.0,3305981000.0
2009-06-16,'002242,九阳股份,25.63,25.68,25.2,25.5,25.73,-0.1,-0.3887,1.8727,2383978,60670877.61,13002099000.0,3262699000.0
2009-06-15,'002242,九阳股份,25.73,25.75,25.3,25.37,25.38,0.35,1.379,1.2188,1551488,39591469.92,13052829000.0,3275429000.0
2009-06-12,'002242,九阳股份,25.38,26.2,25.03,26.1,26.2,-0.82,-3.1298,2.3585,3002433,76718994.57,12875274000.0,3230874000.0
2009-06-11,'002242,九阳股份,26.2,26.62,26.0,26.08,26.18,0.02,0.0764,1.6945,2157063,56801261.71,13291260000.0,3335260000.0
2009-06-10,'002242,九阳股份,26.18,26.47,25.97,26.45,26.45,-0.27,-1.0208,1.7478,2224901,58301673.59,13281114000.0,3332714000.0
2009-06-09,'002242,九阳股份,26.45,26.5,25.35,25.45,25.48,0.97,3.8069,2.8892,3678012,95711852.03,13418085000.0,3367085000.0
2009-06-08,'002242,九阳股份,25.48,26.0,25.01,25.32,25.32,0.16,0.6319,1.9071,2427727,62236527.39,12926004000.0,3243604000.0
2009-06-05,'002242,九阳股份,25.32,26.0,25.31,25.83,25.83,-0.51,-1.9744,2.1025,2676450,68218059.13,12844836000.0,3223236000.0
2009-06-04,'002242,九阳股份,25.83,26.36,25.53,25.94,25.91,-0.08,-0.3088,2.0999,2673221,69208859.99,13103559000.0,3288159000.0
2009-06-03,'002242,九阳股份,25.91,26.11,25.65,26.1,26.12,-0.21,-0.804,2.5888,3295499,85019594.27,13144143000.0,3298343000.0
2009-06-02,'002242,九阳股份,26.12,26.72,26.08,26.62,26.61,-0.49,-1.8414,2.5119,3197689,84030689.64,13250676000.0,3325076000.0
2009-06-01,'002242,九阳股份,26.61,27.0,26.26,26.6,26.6,0.01,0.0376,2.3323,2969064,78882880.83,13499253000.0,3387453000.0
2009-05-27,'002242,九阳股份,26.6,26.92,26.46,26.7,26.65,-0.05,-0.1876,2.0459,2604483,69436209.99,13494180000.0,3386180000.0
2009-05-26,'002242,九阳股份,26.65,26.97,25.75,25.94,25.8,0.85,3.2946,3.348,4262031,112570375.37,13519545000.0,3392545000.0
2009-05-25,'002242,九阳股份,25.8,26.05,24.81,25.79,26.12,-0.32,-1.2251,3.2273,4108399,104600602.19,13088340000.0,3284340000.0
2009-05-22,'002242,九阳股份,26.12,26.6,26.0,26.2,26.33,-0.21,-0.7976,1.8302,2329899,61034755.85,13250676000.0,3325076000.0
2009-05-21,'002242,九阳股份,26.33,27.01,26.16,27.01,27.0,-0.67,-2.4815,2.5799,3284158,86620889.03,13357209000.0,3351809000.0
2009-05-20,'002242,九阳股份,27.0,27.58,27.0,27.07,27.0,0.0,0.0,2.0857,2655075,72239207.79,13697100000.0,3437100000.0
2009-05-19,'002242,九阳股份,27.0,27.2,26.68,26.89,26.84,0.16,0.5961,2.1493,2736016,73768926.16,13697100000.0,3437100000.0
2009-05-18,'002242,九阳股份,26.84,27.1,26.32,27.1,27.13,-0.29,-1.0689,1.9867,2529064,67308994.35,13615932000.0,3416732000.0
2009-05-15,'002242,九阳股份,27.13,27.66,27.05,27.1,27.07,0.06,0.2216,1.8607,2368734,64550261.72,13763049000.0,3453649000.0
2009-05-14,'002242,九阳股份,27.07,27.41,27.05,27.15,27.7,-0.63,-2.2744,2.2232,2830124,76928901.31,13732611000.0,3446011000.0
2009-05-13,'002242,九阳股份,27.7,27.9,27.1,27.82,27.8,-0.1,-0.3597,2.9922,3809065,104367021.18,14052210000.0,3526210000.0
2009-05-12,'002242,九阳股份,27.8,27.87,26.19,26.5,26.83,0.97,3.6154,3.0236,3849066,104654862.56,14102940000.0,3538940000.0
2009-05-11,'002242,九阳股份,26.83,27.87,26.82,27.87,27.88,-1.05,-3.7661,5.1268,6526370,176792885.84,13610859000.0,3415459000.0
2009-05-08,'002242,九阳股份,27.88,28.67,27.48,28.67,28.69,-0.81,-2.8233,4.3178,5496513,153441062.66,14143524000.0,3549124000.0
2009-05-07,'002242,九阳股份,28.69,29.82,28.15,29.79,29.8,-1.11,-3.7248,5.9472,7570809,218181936.18,14554437000.0,3652237000.0
2009-05-06,'002242,九阳股份,29.8,29.98,27.95,28.0,27.95,1.85,6.619,7.2275,9200547,269097115.46,15117540000.0,3793540000.0
2009-05-05,'002242,九阳股份,27.95,28.57,27.8,28.5,28.27,-0.32,-1.1319,3.9375,5012458,140873194.31,14179035000.0,3558035000.0
2009-05-04,'002242,九阳股份,28.27,28.58,27.68,27.8,27.9,0.37,1.3262,5.8873,7494489,211022178.05,14341371000.0,3598771000.0
2009-04-30,'002242,九阳股份,27.9,28.84,27.4,28.6,28.84,-0.94,-3.2594,4.072,5183703,145139223.91,14153670000.0,3551670000.0
2009-04-29,'002242,九阳股份,55.6,57.0,54.21,56.0,55.91,-0.31,-0.5545,5.9471,3984549,221414331.28,14845200000.0,3725200000.0
2009-04-28,'002242,九阳股份,55.91,57.51,54.42,56.7,57.81,-1.9,-3.2866,5.0904,3410535,190513906.21,14927970000.0,3745970000.0
2009-04-27,'002242,九阳股份,57.81,58.76,55.8,58.7,58.15,-0.34,-0.5847,5.3754,3601513,207150355.81,15435270000.0,3873270000.0
2009-04-24,'002242,九阳股份,58.15,58.5,53.81,54.2,53.18,4.97,9.3456,7.8176,5237768,294820676.35,15526050000.0,3896050000.0
2009-04-23,'002242,九阳股份,53.18,53.48,50.53,51.38,51.55,1.63,3.162,3.124,2093057,109431954.19,14199060000.0,3563060000.0
2009-04-22,'002242,九阳股份,51.55,56.5,51.0,55.5,55.01,-3.46,-6.2898,5.9572,3991295,213193537.38,13763850000.0,3453850000.0
2009-04-21,'002242,九阳股份,55.01,56.58,54.38,56.5,56.9,-1.89,-3.3216,3.9346,2636185,146081342.4,14687670000.0,3685670000.0
2009-04-20,'002242,九阳股份,56.9,57.55,56.01,56.15,57.0,-0.1,-0.1754,3.5262,2362531,133970774.02,15192300000.0,3812300000.0
2009-04-17,'002242,九阳股份,57.0,58.6,54.5,57.93,57.95,-0.95,-1.6393,6.2588,4193426,237049006.41,15219000000.0,3819000000.0
2009-04-16,'002242,九阳股份,0.0,0.0,0.0,0.0,57.95,None,None,0.0,0,0.0,15472650000.0,3882650000.0
2009-04-15,'002242,九阳股份,57.95,59.49,56.5,57.48,57.94,0.01,0.0173,7.829,5245422,304194752.24,15472650000.0,3882650000.0
2009-04-14,'002242,九阳股份,57.94,57.94,52.7,53.0,52.67,5.27,10.0057,10.7989,7235263,403705198.63,15469980000.0,3881980000.0
2009-04-13,'002242,九阳股份,52.67,53.39,51.9,52.85,52.3,0.37,0.7075,6.535,4378423,230898623.8,14062890000.0,3528890000.0
2009-04-10,'002242,九阳股份,52.3,52.5,51.1,51.98,51.45,0.85,1.6521,3.7942,2542143,132432605.56,13964100000.0,3504100000.0
2009-04-09,'002242,九阳股份,51.45,51.5,49.52,50.58,50.6,0.85,1.6798,3.4848,2334804,118053594.25,13737150000.0,3447150000.0
2009-04-08,'002242,九阳股份,50.6,53.0,50.4,52.64,53.0,-2.4,-4.5283,3.4639,2320825,119946287.33,13510200000.0,3390200000.0
2009-04-07,'002242,九阳股份,53.0,53.85,51.9,52.24,51.85,1.15,2.2179,3.8533,2581715,136698021.62,14151000000.0,3551000000.0
2009-04-03,'002242,九阳股份,51.85,54.0,50.88,51.93,51.42,0.43,0.8363,4.9787,3335738,174379263.86,13843950000.0,3473950000.0
2009-04-02,'002242,九阳股份,51.42,53.39,48.56,48.73,48.57,2.85,5.8678,6.2855,4211292,214063494.67,13729140000.0,3445140000.0
2009-04-01,'002242,九阳股份,48.57,48.93,47.7,48.3,48.01,0.56,1.1664,3.4195,2291038,110518602.45,12968190000.0,3254190000.0
2009-03-31,'002242,九阳股份,48.01,48.2,47.3,48.01,48.6,-0.59,-1.214,2.6583,1781087,85119877.38,12818670000.0,3216670000.0
2009-03-30,'002242,九阳股份,48.6,49.66,48.3,48.5,48.6,0.0,0.0,2.2916,1535350,75260643.28,12976200000.0,3256200000.0
2009-03-27,'002242,九阳股份,48.6,49.88,48.18,49.88,49.55,-0.95,-1.9173,3.2851,2201034,107204704.64,12976200000.0,3256200000.0
2009-03-26,'002242,九阳股份,49.55,50.19,47.63,49.58,50.0,-0.45,-0.9,3.7324,2500730,122347322.46,13229850000.0,3319850000.0
2009-03-25,'002242,九阳股份,50.0,51.0,49.02,50.0,48.6,1.4,2.8807,7.8009,5226622,262138826.89,13350000000.0,3350000000.0
2009-03-24,'002242,九阳股份,48.6,49.5,47.6,49.47,48.8,-0.2,-0.4098,3.7973,2544210,122880383.23,12976200000.0,3256200000.0
2009-03-23,'002242,九阳股份,48.8,49.4,47.51,47.51,47.51,1.29,2.7152,2.5019,1676287,81408685.05,13029600000.0,3269600000.0
2009-03-20,'002242,九阳股份,47.51,48.98,47.19,48.98,49.28,-1.77,-3.5917,4.0696,2726643,130634972.58,12685170000.0,3183170000.0
2009-03-19,'002242,九阳股份,49.28,51.5,48.9,49.25,49.2,0.08,0.1626,3.8587,2585323,129579468.06,13157760000.0,3301760000.0
2009-03-18,'002242,九阳股份,49.2,50.0,48.6,50.0,49.78,-0.58,-1.1651,3.5092,2351137,115735046.43,13136400000.0,3296400000.0
2009-03-17,'002242,九阳股份,49.78,50.48,48.3,48.3,48.89,0.89,1.8204,4.8103,3222897,158733557.13,13291260000.0,3335260000.0
2009-03-16,'002242,九阳股份,48.89,49.72,44.7,45.01,45.2,3.69,8.1637,6.1257,4104215,201328892.39,13053630000.0,3275630000.0
2009-03-13,'002242,九阳股份,45.2,47.2,45.1,46.9,46.33,-1.13,-2.439,1.7923,1200857,55861741.59,12068400000.0,3028400000.0
2009-03-12,'002242,九阳股份,46.33,47.25,44.58,47.15,47.25,-0.92,-1.9471,2.2604,1514471,69822448.74,12370110000.0,3104110000.0
2009-03-11,'002242,九阳股份,47.25,47.99,46.19,46.98,46.6,0.65,1.3948,2.5148,1684941,79337354.22,12615750000.0,3165750000.0
2009-03-10,'002242,九阳股份,46.6,46.66,45.11,46.3,46.3,0.3,0.6479,1.9053,1276578,58478498.93,12442200000.0,3122200000.0
2009-03-09,'002242,九阳股份,46.3,46.85,44.13,44.33,43.85,2.45,5.5872,3.1178,2088898,95913768.12,12362100000.0,3102100000.0
2009-03-06,'002242,九阳股份,43.85,44.34,43.6,44.05,44.51,-0.66,-1.4828,0.7631,511267,22480097.25,11707950000.0,2937950000.0
2009-03-05,'002242,九阳股份,44.51,45.6,43.93,45.2,44.79,-0.28,-0.6251,1.6381,1097544,49273411.44,11884170000.0,2982170000.0
2009-03-04,'002242,九阳股份,44.79,45.14,42.48,42.48,42.45,2.34,5.5124,2.4254,1625047,71446906.9,11958930000.0,3000930000.0
2009-03-03,'002242,九阳股份,42.45,43.29,41.0,41.1,42.18,0.27,0.6401,1.2585,843222,35919546.49,11334150000.0,2844150000.0
2009-03-02,'002242,九阳股份,42.18,42.76,42.0,42.38,42.48,-0.3,-0.7062,0.9507,636967,26981099.32,11262060000.0,2826060000.0
2009-02-27,'002242,九阳股份,42.48,43.36,40.66,42.11,41.82,0.66,1.5782,2.3692,1587379,67001327.1,11342160000.0,2846160000.0
2009-02-26,'002242,九阳股份,41.82,45.96,41.7,45.0,45.28,-3.46,-7.6413,3.8371,2570848,112494913.71,11165940000.0,2801940000.0
2009-02-25,'002242,九阳股份,45.28,47.5,44.6,46.2,45.67,-0.39,-0.854,2.2391,1500173,68647256.55,12089760000.0,3033760000.0
2009-02-24,'002242,九阳股份,45.67,47.98,45.28,47.47,48.28,-2.61,-5.406,3.353,2246534,104114342.45,12193890000.0,3059890000.0
2009-02-23,'002242,九阳股份,48.28,48.68,45.8,46.18,46.2,2.08,4.5022,3.1173,2088579,98907688.02,12890760000.0,3234760000.0
2009-02-20,'002242,九阳股份,46.2,46.88,45.5,45.5,45.3,0.9,1.9868,3.8913,2607156,120434866.17,12335400000.0,3095400000.0
2009-02-19,'002242,九阳股份,45.3,45.61,44.02,45.15,45.13,0.17,0.3767,1.8193,1218917,54954270.14,12095100000.0,3035100000.0
2009-02-18,'002242,九阳股份,45.13,46.0,44.4,44.43,45.02,0.11,0.2443,2.364,1583895,71799587.12,12049710000.0,3023710000.0
2009-02-17,'002242,九阳股份,45.02,46.62,44.75,46.4,46.33,-1.31,-2.8275,3.1023,2078540,94464171.36,12020340000.0,3016340000.0
2009-02-16,'002242,九阳股份,46.33,47.7,45.55,47.68,47.6,-1.27,-2.6681,5.3813,3605444,168018980.52,12370110000.0,3104110000.0
2009-02-13,'002242,九阳股份,47.6,49.47,45.71,45.71,46.08,1.52,3.2986,3.3633,2253443,107369843.87,12709200000.0,3189200000.0
2009-02-12,'002242,九阳股份,46.08,46.58,44.82,45.38,45.0,1.08,2.4,3.8205,2559726,116853728.43,12303360000.0,3087360000.0
2009-02-11,'002242,九阳股份,45.0,46.45,44.01,44.35,44.75,0.25,0.5587,3.853,2581537,116212526.49,12015000000.0,3015000000.0
2009-02-10,'002242,九阳股份,44.75,44.8,43.56,43.9,44.15,0.6,1.359,2.8234,1891648,83735492.08,11948250000.0,2998250000.0
2009-02-09,'002242,九阳股份,44.15,44.86,42.03,42.47,41.79,2.36,5.6473,5.7513,3853338,167635985.97,11788050000.0,2958050000.0
2009-02-06,'002242,九阳股份,41.79,42.1,40.2,40.31,40.79,1.0,2.4516,2.2044,1476973,61133449.56,11157930000.0,2799930000.0
2009-02-05,'002242,九阳股份,40.79,42.18,40.55,42.18,42.29,-1.5,-3.5469,2.5662,1719364,71361968.67,10890930000.0,2732930000.0
2009-02-04,'002242,九阳股份,42.29,42.7,41.51,42.11,41.89,0.4,0.9549,1.8698,1252790,52592144.09,11291430000.0,2833430000.0
2009-02-03,'002242,九阳股份,41.89,42.3,41.52,42.05,42.12,-0.23,-0.5461,1.0811,724314,30314124.44,11184630000.0,2806630000.0
2009-02-02,'002242,九阳股份,42.12,42.18,40.62,41.01,41.0,1.12,2.7317,1.3105,878036,36324058.74,11246040000.0,2822040000.0
2009-01-23,'002242,九阳股份,41.0,41.05,39.98,40.64,40.7,0.3,0.7371,1.6645,1115215,45178357.49,10947000000.0,2747000000.0
2009-01-22,'002242,九阳股份,40.7,41.38,39.8,41.0,41.03,-0.33,-0.8043,3.1808,2131109,86740552.9,10866900000.0,2726900000.0
2009-01-21,'002242,九阳股份,41.03,43.4,40.35,42.9,43.1,-2.07,-4.8028,5.0192,3362855,138651390.82,10955010000.0,2749010000.0
2009-01-20,'002242,九阳股份,43.1,43.57,42.9,43.02,43.23,-0.13,-0.3007,0.9126,611460,26339682.2,11507700000.0,2887700000.0
2009-01-19,'002242,九阳股份,43.23,43.87,42.25,42.26,42.2,1.03,2.4408,2.4275,1626453,69967104.55,11542410000.0,2896410000.0
2009-01-16,'002242,九阳股份,42.2,42.7,41.5,41.7,41.5,0.7,1.6867,2.1421,1435202,60460204.96,11267400000.0,2827400000.0
2009-01-15,'002242,九阳股份,41.5,42.39,40.9,42.02,42.77,-1.27,-2.9694,1.9588,1312416,54733799.71,11080500000.0,2780500000.0
2009-01-14,'002242,九阳股份,42.77,43.05,41.32,41.8,42.33,0.44,1.0395,2.0069,1344601,56330396.54,11419590000.0,2865590000.0
2009-01-13,'002242,九阳股份,42.33,43.88,41.38,43.87,44.3,-1.97,-4.447,2.3031,1543071,65187737.61,11302110000.0,2836110000.0
2009-01-12,'002242,九阳股份,44.3,45.81,43.95,43.95,43.95,0.35,0.7964,2.3089,1546972,69755154.47,11828100000.0,2968100000.0
2009-01-09,'002242,九阳股份,43.95,44.56,43.01,44.0,43.88,0.07,0.1595,1.8867,1264101,55485961.45,11734650000.0,2944650000.0
2009-01-08,'002242,九阳股份,43.88,45.88,43.8,45.24,46.0,-2.12,-4.6087,0.9872,661413,29523674.81,11715960000.0,2939960000.0
2009-01-07,'002242,九阳股份,46.0,47.0,44.0,44.88,45.0,1.0,2.2222,1.8262,1223559,55254594.5,12282000000.0,3082000000.0
2009-01-06,'002242,九阳股份,45.0,45.28,43.6,45.0,45.3,-0.3,-0.6623,1.4471,969573,42885670.53,12015000000.0,3015000000.0
2009-01-05,'002242,九阳股份,45.3,45.48,44.22,45.0,44.5,0.8,1.7978,1.1339,759700,34144884.38,12095100000.0,3035100000.0
2008-12-31,'002242,九阳股份,44.5,45.51,43.01,43.01,43.51,0.99,2.2753,0.947,634516,28358946.41,11881500000.0,2981500000.0
2008-12-30,'002242,九阳股份,43.51,43.98,42.5,42.75,42.8,0.71,1.6589,0.7071,473763,20585310.72,11617170000.0,2915170000.0
2008-12-29,'002242,九阳股份,42.8,43.72,40.88,43.01,43.88,-1.08,-2.4613,1.0294,689666,29075347.37,11427600000.0,2867600000.0
2008-12-26,'002242,九阳股份,43.88,45.33,43.21,43.78,43.71,0.17,0.3889,1.0434,699111,31128497.67,11715960000.0,2939960000.0
2008-12-25,'002242,九阳股份,43.71,44.3,41.85,43.51,44.05,-0.34,-0.7719,1.103,738978,31995226.62,11670570000.0,2928570000.0
2008-12-24,'002242,九阳股份,44.05,44.7,41.52,42.4,44.1,-0.05,-0.1134,2.265,1517530,65005142.69,11761350000.0,2951350000.0
2008-12-23,'002242,九阳股份,44.1,48.79,44.1,48.5,49.0,-4.9,-10.0,2.9147,1952831,88777327.5,11774700000.0,2954700000.0
2008-12-22,'002242,九阳股份,49.0,49.87,47.91,49.7,49.0,0.0,0.0,2.859,1915501,93339990.96,13083000000.0,3283000000.0
2008-12-19,'002242,九阳股份,49.0,49.5,45.01,45.07,45.07,3.93,8.7198,2.7649,1852511,87853706.64,13083000000.0,3283000000.0
2008-12-18,'002242,九阳股份,45.07,45.25,43.61,44.28,44.5,0.57,1.2809,1.3135,880041,39198830.59,12033690000.0,3019690000.0
2008-12-17,'002242,九阳股份,44.5,45.88,42.53,42.93,42.9,1.6,3.7296,1.0293,689646,30716644.89,11881500000.0,2981500000.0
2008-12-16,'002242,九阳股份,42.9,43.0,41.0,42.75,43.0,-0.1,-0.2326,1.7294,1158678,48237349.93,11454300000.0,2874300000.0
2008-12-15,'002242,九阳股份,43.0,43.0,41.2,42.2,42.0,1.0,2.381,0.3975,266339,11296010.2,11481000000.0,2881000000.0
2008-12-12,'002242,九阳股份,42.0,43.39,41.01,43.39,43.8,-1.8,-4.1096,1.2164,815002,34298977.64,11214000000.0,2814000000.0
2008-12-11,'002242,九阳股份,43.8,45.6,43.73,45.57,45.26,-1.46,-3.2258,1.5159,1015637,45378412.32,11694600000.0,2934600000.0
2008-12-10,'002242,九阳股份,45.26,45.27,43.21,43.27,43.43,1.83,4.2137,1.825,1222782,54365368.33,12084420000.0,3032420000.0
2008-12-09,'002242,九阳股份,43.43,43.59,42.02,42.02,42.6,0.83,1.9484,1.6707,1119369,48087386.84,11595810000.0,2909810000.0
2008-12-08,'002242,九阳股份,42.6,43.28,41.9,42.8,41.89,0.71,1.6949,1.3884,930218,39580790.81,11374200000.0,2854200000.0
2008-12-05,'002242,九阳股份,41.89,42.88,40.6,40.99,41.05,0.84,2.0463,0.9129,611643,25735599.72,11184630000.0,2806630000.0
2008-12-04,'002242,九阳股份,41.05,42.87,41.0,41.3,41.2,-0.15,-0.3641,1.0724,718475,30195330.02,10960350000.0,2750350000.0
2008-12-03,'002242,九阳股份,41.2,41.5,39.51,39.51,39.58,1.62,4.093,1.1772,788729,32313348.57,11000400000.0,2760400000.0
2008-12-02,'002242,九阳股份,39.58,39.97,38.8,38.99,39.58,0.0,0.0,0.5007,335469,13221201.34,10567860000.0,2651860000.0
2008-12-01,'002242,九阳股份,39.58,39.8,37.61,38.49,38.2,1.38,3.6126,0.695,465634,18284959.67,10567860000.0,2651860000.0
2008-11-28,'002242,九阳股份,38.2,38.55,36.63,37.0,37.2,1.0,2.6882,0.4703,315075,11910325.6,10199400000.0,2559400000.0
2008-11-27,'002242,九阳股份,37.2,39.11,37.1,38.71,37.0,0.2,0.5405,1.2674,849190,32391636.45,9932400000.0,2492400000.0
2008-11-26,'002242,九阳股份,37.0,37.69,36.99,36.99,37.09,-0.09,-0.2427,0.4508,302021,11233911.89,9879000000.0,2479000000.0
2008-11-25,'002242,九阳股份,37.09,37.36,35.81,35.85,35.79,1.3,3.6323,0.8985,601984,22151902.08,9903030000.0,2485030000.0
2008-11-24,'002242,九阳股份,35.79,38.1,35.15,38.08,38.2,-2.41,-6.3089,1.2744,853845,31119192.65,9555930000.0,2397930000.0
2008-11-21,'002242,九阳股份,38.2,38.8,36.92,37.08,39.48,-1.28,-3.2421,1.9953,1336851,50539642.93,10199400000.0,2559400000.0
2008-11-20,'002242,九阳股份,39.48,41.4,39.18,41.0,39.8,-0.32,-0.804,1.2708,851434,34471395.99,10541160000.0,2645160000.0
2008-11-19,'002242,九阳股份,0.0,0.0,0.0,0.0,39.8,None,None,0.0,0,0.0,10626600000.0,2666600000.0
2008-11-18,'002242,九阳股份,39.8,40.5,38.68,40.5,40.8,-1.0,-2.451,2.2159,1484640,58384663.93,10626600000.0,2666600000.0
2008-11-17,'002242,九阳股份,40.8,41.68,39.68,39.8,39.98,0.82,2.051,2.8536,1911894,77735230.68,10893600000.0,2733600000.0
2008-11-14,'002242,九阳股份,39.98,40.27,39.08,39.6,39.6,0.38,0.9596,3.0983,2075829,82536584.05,10674660000.0,2678660000.0
2008-11-13,'002242,九阳股份,39.6,40.28,37.62,37.62,38.4,1.2,3.125,2.4362,1632277,64142834.54,10573200000.0,2653200000.0
2008-11-12,'002242,九阳股份,38.4,38.5,37.2,38.08,38.39,0.01,0.026,0.9315,624102,23628920.34,10252800000.0,2572800000.0
2008-11-11,'002242,九阳股份,38.39,38.77,37.1,37.9,38.01,0.38,0.9997,1.6193,1084919,40963631.83,10250130000.0,2572130000.0
2008-11-10,'002242,九阳股份,38.01,38.48,36.6,36.6,36.61,1.4,3.8241,1.4548,974745,36458841.63,10148670000.0,2546670000.0
2008-11-07,'002242,九阳股份,36.61,39.4,36.39,37.77,38.5,-1.89,-4.9091,1.6792,1125059,42371789.25,9774870000.0,2452870000.0
2008-11-06,'002242,九阳股份,38.5,39.98,37.62,37.87,38.5,0.0,0.0,1.0903,730498,28460893.09,10279500000.0,2579500000.0
2008-11-05,'002242,九阳股份,38.5,39.5,37.8,38.6,38.29,0.21,0.5484,1.2288,823276,31692940.43,10279500000.0,2579500000.0
2008-11-04,'002242,九阳股份,38.29,38.9,37.88,38.51,38.4,-0.11,-0.2865,0.5742,384683,14775976.91,10223430000.0,2565430000.0
2008-11-03,'002242,九阳股份,38.4,39.99,37.78,38.99,39.22,-0.82,-2.0908,1.4898,998139,38723716.9,10252800000.0,2572800000.0
2008-10-31,'002242,九阳股份,39.22,39.97,36.62,37.01,37.0,2.22,6.0,2.0115,1347694,52409525.86,10471740000.0,2627740000.0
2008-10-30,'002242,九阳股份,37.0,37.1,35.0,36.0,36.12,0.88,2.4363,0.7987,535124,19398569.72,9879000000.0,2479000000.0
2008-10-29,'002242,九阳股份,36.12,36.5,35.29,36.11,36.07,0.05,0.1386,1.0998,736888,26577972.01,9644040000.0,2420040000.0
2008-10-28,'002242,九阳股份,36.07,36.7,34.46,36.0,36.15,-0.08,-0.2213,2.6077,1747135,61911808.06,9630690000.0,2416690000.0
2008-10-27,'002242,九阳股份,36.15,36.5,35.3,36.01,36.8,-0.65,-1.7663,1.6619,1113485,40140119.6,9652050000.0,2422050000.0
2008-10-24,'002242,九阳股份,36.8,37.49,36.17,36.72,36.72,0.08,0.2179,1.0997,736814,27129693.28,9825600000.0,2465600000.0
2008-10-23,'002242,九阳股份,36.72,36.97,34.0,34.1,35.01,1.71,4.8843,1.2593,843747,30445202.61,9804240000.0,2460240000.0
2008-10-22,'002242,九阳股份,35.01,35.98,34.0,34.34,34.0,1.01,2.9706,1.9164,1283991,45264240.92,9347670000.0,2345670000.0
2008-10-21,'002242,九阳股份,34.0,34.67,33.3,33.9,33.8,0.2,0.5917,0.5597,374967,12761292.71,9078000000.0,2278000000.0
2008-10-20,'002242,九阳股份,33.8,34.5,32.32,32.88,32.0,1.8,5.625,0.646,432827,14453791.47,9024600000.0,2264600000.0
2008-10-17,'002242,九阳股份,32.0,35.1,32.0,34.4,33.8,-1.8,-5.3254,1.7475,1170847,39530356.61,8544000000.0,2144000000.0
2008-10-16,'002242,九阳股份,33.8,33.86,31.11,31.99,32.8,1.0,3.0488,0.9704,650148,21497425.33,9024600000.0,2264600000.0
2008-10-15,'002242,九阳股份,32.8,32.87,31.03,31.71,32.14,0.66,2.0535,0.931,623785,19931269.74,8757600000.0,2197600000.0
2008-10-14,'002242,九阳股份,32.14,33.1,31.71,32.9,32.16,-0.02,-0.0622,1.1047,740133,24140561.29,8581380000.0,2153380000.0
2008-10-13,'002242,九阳股份,32.16,32.5,29.32,29.94,30.69,1.47,4.7898,0.8727,584689,18107742.61,8586720000.0,2154720000.0
2008-10-10,'002242,九阳股份,30.69,32.88,30.69,32.8,34.1,-3.41,-10.0,3.5149,2355006,73805492.3,8194230000.0,2056230000.0
2008-10-09,'002242,九阳股份,34.1,35.88,34.1,35.88,34.86,-0.76,-2.1801,0.9605,643532,22489541.39,9104700000.0,2284700000.0
2008-10-08,'002242,九阳股份,34.86,34.87,33.4,34.11,34.7,0.16,0.4611,0.7974,534235,18379667.47,9307620000.0,2335620000.0
2008-10-07,'002242,九阳股份,34.7,35.77,33.01,33.5,34.43,0.27,0.7842,1.2853,861118,29697727.62,9264900000.0,2324900000.0
2008-10-06,'002242,九阳股份,34.43,36.5,34.43,36.5,35.9,-1.47,-4.0947,0.8961,600417,21153246.96,9192810000.0,2306810000.0
2008-09-26,'002242,九阳股份,35.9,36.96,35.1,36.8,36.8,-0.9,-2.4457,2.1159,1417635,51056358.54,9585300000.0,2405300000.0
2008-09-25,'002242,九阳股份,36.8,37.44,33.67,34.89,34.9,1.9,5.4441,5.1035,3419352,121232086.85,9825600000.0,2465600000.0
2008-09-24,'002242,九阳股份,34.9,37.66,33.8,35.5,35.85,-0.95,-2.6499,3.5278,2363594,83728496.62,9318300000.0,2338300000.0
2008-09-23,'002242,九阳股份,35.85,36.3,32.3,33.38,34.3,1.55,4.519,4.4352,2971565,103306318.06,9571950000.0,2401950000.0
2008-09-22,'002242,九阳股份,34.3,36.94,33.7,35.0,33.64,0.66,1.962,4.2641,2856958,100391091.57,9158100000.0,2298100000.0
2008-09-19,'002242,九阳股份,33.64,33.64,32.5,33.64,30.58,3.06,10.0065,4.2949,2877598,96446578.08,8981880000.0,2253880000.0
2008-09-18,'002242,九阳股份,30.58,30.78,29.06,29.8,30.0,0.58,1.9333,2.0956,1404074,41630992.27,8164860000.0,2048860000.0
2008-09-17,'002242,九阳股份,30.0,31.0,29.4,29.47,29.0,1.0,3.4483,2.1572,1445297,43408879.01,8010000000.0,2010000000.0
2008-09-16,'002242,九阳股份,29.0,29.36,28.51,28.68,28.9,0.1,0.346,1.3825,926255,26753722.94,7743000000.0,1943000000.0
2008-09-12,'002242,九阳股份,28.9,29.5,28.0,29.3,29.0,-0.1,-0.3448,1.2937,866790,25009530.5,7716300000.0,1936300000.0
2008-09-11,'002242,九阳股份,29.0,30.58,28.58,29.5,31.39,-2.39,-7.6139,1.0473,701711,20798701.21,7743000000.0,1943000000.0
2008-09-10,'002242,九阳股份,31.39,31.45,30.22,31.38,31.4,-0.01,-0.0318,0.4138,277266,8614983.2,8381130000.0,2103130000.0
2008-09-09,'002242,九阳股份,31.4,31.5,30.0,30.88,30.88,0.52,1.6839,0.4693,314449,9638325.89,8383800000.0,2103800000.0
2008-09-08,'002242,九阳股份,30.88,32.6,30.0,32.01,32.0,-1.12,-3.5,0.8207,549867,17007676.99,8244960000.0,2068960000.0
2008-09-05,'002242,九阳股份,32.0,32.5,31.1,31.8,32.3,-0.3,-0.9288,0.4892,327755,10401836.0,8544000000.0,2144000000.0
2008-09-04,'002242,九阳股份,32.3,32.6,31.5,31.5,32.0,0.3,0.9375,1.0321,691532,22207313.99,8624100000.0,2164100000.0
2008-09-03,'002242,九阳股份,32.0,33.5,31.5,33.3,33.5,-1.5,-4.4776,1.9542,1309346,42322448.85,8544000000.0,2144000000.0
2008-09-02,'002242,九阳股份,33.5,33.88,33.0,33.01,33.5,0.0,0.0,0.8382,561591,18799213.9,8944500000.0,2244500000.0
2008-09-01,'002242,九阳股份,33.5,34.1,32.52,32.8,32.85,0.65,1.9787,1.4668,982761,32750365.95,8944500000.0,2244500000.0
2008-08-29,'002242,九阳股份,32.85,33.39,32.0,32.51,32.82,0.03,0.0914,2.3445,1570814,51375850.73,8770950000.0,2200950000.0
2008-08-28,'002242,九阳股份,32.82,33.78,29.0,29.0,31.5,1.32,4.1905,11.661,7812858,243826181.36,8762940000.0,2198940000.0
2008-08-27,'002242,九阳股份,31.5,32.55,31.11,32.5,32.55,-1.05,-3.2258,1.0484,561946,17933293.68,8410500000.0,1688400000.0
2008-08-26,'002242,九阳股份,32.55,35.3,32.53,35.0,35.28,-2.73,-7.7381,0.8764,469744,15601854.72,8690850000.0,1744680000.0
2008-08-25,'002242,九阳股份,35.28,36.2,34.41,35.38,35.16,0.12,0.3413,0.2285,122455,4357271.7,9419760000.0,1891008000.0
2008-08-22,'002242,九阳股份,35.16,36.15,34.25,36.15,36.01,-0.85,-2.3605,0.5571,298600,10485855.74,9387720000.0,1884576000.0
2008-08-21,'002242,九阳股份,36.01,37.2,35.99,37.2,37.6,-1.59,-4.2287,0.6478,347194,12715636.82,9614670000.0,1930136000.0
2008-08-20,'002242,九阳股份,37.6,38.0,35.53,35.53,35.38,2.22,6.2747,1.6782,899536,33560592.01,10039200000.0,2015360000.0
2008-08-19,'002242,九阳股份,35.38,35.38,33.16,33.16,33.86,1.52,4.4891,0.2153,115418,4014759.7,9446460000.0,1896368000.0
2008-08-18,'002242,九阳股份,33.86,35.8,33.86,35.01,35.6,-1.74,-4.8876,0.5537,296800,10386333.67,9040620000.0,1814896000.0
2008-08-15,'002242,九阳股份,35.6,36.39,34.58,34.6,35.2,0.4,1.1364,0.4116,220638,7782782.25,9505200000.0,1908160000.0
2008-08-14,'002242,九阳股份,35.2,35.73,33.8,33.8,35.0,0.2,0.5714,0.1842,98719,3452528.3,9398400000.0,1886720000.0
2008-08-13,'002242,九阳股份,35.0,35.96,34.72,35.02,35.96,-0.96,-2.6696,0.4192,224692,7888328.2,9345000000.0,1876000000.0
2008-08-12,'002242,九阳股份,35.96,36.3,34.17,35.0,35.0,0.96,2.7429,0.3066,164326,5871034.08,9601320000.0,1927456000.0
2008-08-11,'002242,九阳股份,35.0,35.99,34.51,35.99,36.0,-1.0,-2.7778,1.4698,787817,27591103.91,9345000000.0,1876000000.0
2008-08-08,'002242,九阳股份,36.0,37.53,35.5,36.66,36.8,-0.8,-2.1739,1.157,620141,22642300.29,9612000000.0,1929600000.0
2008-08-07,'002242,九阳股份,36.8,37.7,36.5,37.3,37.9,-1.1,-2.9024,0.9983,535071,19730071.69,9825600000.0,1972480000.0
2008-08-06,'002242,九阳股份,37.9,39.32,37.2,38.53,39.0,-1.1,-2.8205,1.0333,553850,21034768.14,10119300000.0,2031440000.0
2008-08-05,'002242,九阳股份,39.0,40.0,38.5,39.2,39.7,-0.7,-1.7632,0.9426,505254,19634820.28,10413000000.0,2090400000.0
2008-08-04,'002242,九阳股份,39.7,40.71,39.52,40.71,40.68,-0.98,-2.409,1.1876,636536,25421452.7,10599900000.0,2127920000.0
2008-08-01,'002242,九阳股份,40.68,40.96,39.0,40.08,40.1,0.58,1.4464,2.2062,1182513,47579975.11,10861560000.0,2180448000.0
2008-07-31,'002242,九阳股份,40.1,40.74,39.27,40.59,40.75,-0.65,-1.5951,0.62,332322,13266430.61,10706700000.0,2149360000.0
2008-07-30,'002242,九阳股份,40.75,40.97,40.1,40.3,40.01,0.74,1.8495,0.6072,325438,13196460.4,10880250000.0,2184200000.0
2008-07-29,'002242,九阳股份,40.01,40.3,39.15,40.07,40.07,-0.06,-0.1497,0.4002,214493,8502917.93,10682670000.0,2144536000.0
2008-07-28,'002242,九阳股份,40.07,41.26,40.0,40.0,39.96,0.11,0.2753,1.6126,864372,35255830.83,10698690000.0,2147752000.0
2008-07-25,'002242,九阳股份,0.0,0.0,0.0,0.0,39.96,None,None,0.0,0,0.0,10669320000.0,2141856000.0
2008-07-24,'002242,九阳股份,39.96,40.3,38.67,39.29,38.78,1.18,3.0428,1.0098,541249,21468374.93,10669320000.0,2141856000.0
2008-07-23,'002242,九阳股份,38.78,40.0,38.5,39.95,39.45,-0.67,-1.6984,0.8289,444316,17361233.53,10354260000.0,2078608000.0
2008-07-22,'002242,九阳股份,39.45,39.99,38.95,39.58,39.73,-0.28,-0.7048,0.4942,264881,10496330.2,10533150000.0,2114520000.0
2008-07-21,'002242,九阳股份,39.73,39.9,38.28,38.28,38.88,0.85,2.1862,0.5635,302059,11936132.95,10607910000.0,2129528000.0
2008-07-18,'002242,九阳股份,38.88,39.4,38.01,38.66,38.62,0.26,0.6732,1.131,606233,23499786.06,10380960000.0,2083968000.0
2008-07-17,'002242,九阳股份,38.62,39.38,38.0,38.5,37.7,0.92,2.4403,2.4815,1330081,51641081.01,10311540000.0,2070032000.0
2008-07-16,'002242,九阳股份,37.7,39.89,37.65,39.32,39.6,-1.9,-4.798,3.126,1675546,64580411.82,10065900000.0,2020720000.0
2008-07-15,'002242,九阳股份,39.6,42.12,39.58,42.11,41.99,-2.39,-5.6918,1.823,977120,39685242.88,10573200000.0,2122560000.0
2008-07-14,'002242,九阳股份,41.99,42.55,40.5,40.6,41.25,0.74,1.7939,2.3887,1280323,53716148.04,11211330000.0,2250664000.0
2008-07-11,'002242,九阳股份,41.25,41.59,39.16,39.6,40.0,1.25,3.125,1.2544,672332,27158498.17,11013750000.0,2211000000.0
2008-07-10,'002242,九阳股份,40.0,40.8,38.4,39.7,40.29,-0.29,-0.7198,2.0851,1117614,44259580.99,10680000000.0,2144000000.0
2008-07-09,'002242,九阳股份,40.29,40.33,38.3,39.13,39.23,1.06,2.702,2.8472,1526115,60873780.92,10757430000.0,2159544000.0
2008-07-08,'002242,九阳股份,39.23,41.99,37.89,41.99,42.1,-2.87,-6.8171,5.6931,3051485,120009949.31,10474410000.0,2102728000.0
2008-07-07,'002242,九阳股份,42.1,43.49,41.28,41.98,41.8,0.3,0.7177,3.5043,1878317,79790071.76,11240700000.0,2256560000.0
2008-07-04,'002242,九阳股份,41.8,42.58,41.22,42.4,42.5,-0.7,-1.6471,1.3679,733188,30688495.94,11160600000.0,2240480000.0
2008-07-03,'002242,九阳股份,42.5,43.65,40.5,40.95,41.8,0.7,1.6746,3.527,1890473,80329728.15,11347500000.0,2278000000.0
2008-07-02,'002242,九阳股份,41.8,42.5,39.88,41.0,40.7,1.1,2.7027,2.2533,1207765,50463718.22,11160600000.0,2240480000.0
2008-07-01,'002242,九阳股份,40.7,42.9,40.02,41.44,40.44,0.26,0.6429,1.5394,825104,34376469.54,10866900000.0,2181520000.0
2008-06-30,'002242,九阳股份,40.44,40.8,38.5,38.8,39.5,0.94,2.3797,0.7112,381187,15107064.46,10797480000.0,2167584000.0
2008-06-27,'002242,九阳股份,39.5,40.4,38.5,39.07,41.02,-1.52,-3.7055,1.7815,954860,37415055.94,10546500000.0,2117200000.0
2008-06-26,'002242,九阳股份,41.02,41.98,40.08,40.99,40.8,0.22,0.5392,1.5479,829694,34021643.73,10952340000.0,2198672000.0
2008-06-25,'002242,九阳股份,40.8,42.15,39.5,39.96,40.18,0.62,1.5431,2.4247,1299616,53432738.83,10893600000.0,2186880000.0
2008-06-24,'002242,九阳股份,40.18,40.9,37.03,37.8,37.93,2.25,5.932,1.7127,918008,35959955.54,10728060000.0,2153648000.0
2008-06-23,'002242,九阳股份,37.93,39.0,37.5,38.35,39.38,-1.45,-3.6821,0.8197,439362,16802638.42,10127310000.0,2033048000.0
2008-06-20,'002242,九阳股份,39.38,39.71,34.9,35.8,36.1,3.28,9.0859,4.831,2589438,98706036.61,10514460000.0,2110768000.0
2008-06-19,'002242,九阳股份,36.1,39.01,35.47,38.8,39.4,-3.3,-8.3756,2.633,1411314,53054789.84,9638700000.0,1934960000.0
2008-06-18,'002242,九阳股份,39.4,39.69,36.7,36.81,37.1,2.3,6.1995,2.5724,1378832,53275162.63,10519800000.0,2111840000.0
2008-06-17,'002242,九阳股份,37.1,38.8,36.6,37.88,37.81,-0.71,-1.8778,2.3537,1261569,47337179.06,9905700000.0,1988560000.0
2008-06-16,'002242,九阳股份,37.81,40.51,37.35,40.0,39.65,-1.84,-4.6406,3.891,2085552,80724549.56,10095270000.0,2026616000.0
2008-06-13,'002242,九阳股份,39.65,41.96,39.65,41.6,41.8,-2.15,-5.1435,3.3966,1820599,74291436.99,10586550000.0,2125240000.0
2008-06-12,'002242,九阳股份,41.8,42.4,39.36,42.4,43.73,-1.93,-4.4134,11.2392,6024201,245967863.6,11160600000.0,2240480000.0
2008-06-11,'002242,九阳股份,43.73,46.68,43.14,45.11,44.75,-1.02,-2.2793,8.2376,4415366,199678639.04,11675910000.0,2343928000.0
2008-06-10,'002242,九阳股份,44.75,46.43,44.01,45.0,46.7,-1.95,-4.1756,7.0765,3793029,171708241.29,11948250000.0,2398600000.0
2008-06-06,'002242,九阳股份,46.7,48.9,46.51,47.65,47.77,-1.07,-2.2399,7.6646,4108213,196762034.25,12468900000.0,2503120000.0
2008-06-05,'002242,九阳股份,47.77,47.89,46.31,46.99,47.5,0.27,0.5684,5.9112,3168410,149286125.99,12754590000.0,2560472000.0
2008-06-04,'002242,九阳股份,47.5,48.12,44.5,44.5,44.6,2.9,6.5022,10.4831,5618930,261960975.44,12682500000.0,2546000000.0
2008-06-03,'002242,九阳股份,44.6,46.15,44.43,44.58,45.02,-0.42,-0.9329,7.9185,4244309,191794306.14,11908200000.0,2390560000.0
2008-06-02,'002242,九阳股份,45.02,46.18,44.0,45.95,46.55,-1.53,-3.2868,13.9716,7488758,335961304.72,12020340000.0,2413072000.0
2008-05-30,'002242,九阳股份,46.55,47.35,45.3,45.8,45.99,0.56,1.2177,13.2177,7084709,328863706.93,12428850000.0,2495080000.0
2008-05-29,'002242,九阳股份,45.99,48.22,45.18,47.5,46.01,-0.02,-0.0435,26.4631,14184199,662250276.61,12279330000.0,2465064000.0
2008-05-28,'002242,N 九  阳,46.01,46.45,43.0,43.88,22.54,23.47,104.126,82.9583,44465664,2000580595.57,12284670000.0,2466136000.0
2008-05-16,'002242,九阳股份,0.0,0.0,0.0,0.0,22.54,None,None,0.0,0,0.0,4508000000.0,0.0
